LOWGAINMULTIPLIER_SUM <tel> <runstart><runstop> <integration method> <sw high> <swmin><swmax> <LMULT sw[i]>

Sumwindow-dependent low gain multiplier

* LOWGAINMULTIPLIER_TRACE 1 0 999999 5.2 
* LOWGAINMULTIPLIER_TRACE 2 0 999999 5.2 
* LOWGAINMULTIPLIER_TRACE 3 0 999999 5.2 
* LOWGAINMULTIPLIER_TRACE 4 0 999999 5.2 

Trace integration method 2
===========================

* LOWGAINMULTIPLIER_SUM 1 0     999999    2   4   4   16       6.61877    5.85961    5.42846    5.12069    4.91433    4.73932    4.62023    4.53501    4.46067    4.38873    4.32759    4.28971    4.28904
* LOWGAINMULTIPLIER_SUM 2 0     999999    2   4   4   16       6.61877    5.85961    5.42846    5.12069    4.91433    4.73932    4.62023    4.53501    4.46067    4.38873    4.32759    4.28971    4.28904
* LOWGAINMULTIPLIER_SUM 3 0     999999    2   4   4   16       6.61877    5.85961    5.42846    5.12069    4.91433    4.73932    4.62023    4.53501    4.46067    4.38873    4.32759    4.28971    4.28904
* LOWGAINMULTIPLIER_SUM 4 0     999999    2   4   4   16       6.61877    5.85961    5.42846    5.12069    4.91433    4.73932    4.62023    4.53501    4.46067    4.38873    4.32759    4.28971    4.28904

* LOWGAINMULTIPLIER_SUM 1 0     999999    2   6   4   16       7.26177    6.42886    5.95582    5.61815    5.39175    5.19973    5.06908    4.97558    4.89402    4.81508    4.748    4.70645    4.70571
* LOWGAINMULTIPLIER_SUM 2 0     999999    2   6   4   16       7.26177    6.42886    5.95582    5.61815    5.39175    5.19973    5.06908    4.97558    4.89402    4.81508    4.748    4.70645    4.70571
* LOWGAINMULTIPLIER_SUM 3 0     999999    2   6   4   16       7.26177    6.42886    5.95582    5.61815    5.39175    5.19973    5.06908    4.97558    4.89402    4.81508    4.748    4.70645    4.70571
* LOWGAINMULTIPLIER_SUM 4 0     999999    2   6   4   16       7.26177    6.42886    5.95582    5.61815    5.39175    5.19973    5.06908    4.97558    4.89402    4.81508    4.748    4.70645    4.70571

* LOWGAINMULTIPLIER_SUM 1 0     999999    2   16   4   16       8.28231    7.33234    6.79283    6.4077    6.14948    5.93048    5.78147    5.67482    5.5818    5.49177    5.41527    5.36787    5.36703
* LOWGAINMULTIPLIER_SUM 2 0     999999    2   16   4   16       8.28231    7.33234    6.79283    6.4077    6.14948    5.93048    5.78147    5.67482    5.5818    5.49177    5.41527    5.36787    5.36703
* LOWGAINMULTIPLIER_SUM 3 0     999999    2   16   4   16       8.28231    7.33234    6.79283    6.4077    6.14948    5.93048    5.78147    5.67482    5.5818    5.49177    5.41527    5.36787    5.36703
* LOWGAINMULTIPLIER_SUM 4 0     999999    2   16   4   16       8.28231    7.33234    6.79283    6.4077    6.14948    5.93048    5.78147    5.67482    5.5818    5.49177    5.41527    5.36787    5.36703

Trace integration method 1 
(tzero offset 0)
note: same values as for 2
===========================

* LOWGAINMULTIPLIER_SUM 1 0     999999    1   4   4   16       6.61877    5.85961    5.42846    5.12069    4.91433    4.73932    4.62023    4.53501    4.46067    4.38873    4.32759    4.28971    4.28904
* LOWGAINMULTIPLIER_SUM 2 0     999999    1   4   4   16       6.61877    5.85961    5.42846    5.12069    4.91433    4.73932    4.62023    4.53501    4.46067    4.38873    4.32759    4.28971    4.28904
* LOWGAINMULTIPLIER_SUM 3 0     999999    1   4   4   16       6.61877    5.85961    5.42846    5.12069    4.91433    4.73932    4.62023    4.53501    4.46067    4.38873    4.32759    4.28971    4.28904
* LOWGAINMULTIPLIER_SUM 4 0     999999    1   4   4   16       6.61877    5.85961    5.42846    5.12069    4.91433    4.73932    4.62023    4.53501    4.46067    4.38873    4.32759    4.28971    4.28904

* LOWGAINMULTIPLIER_SUM 1 0     999999    1   6   4   16       7.26177    6.42886    5.95582    5.61815    5.39175    5.19973    5.06908    4.97558    4.89402    4.81508    4.748    4.70645    4.70571
* LOWGAINMULTIPLIER_SUM 2 0     999999    1   6   4   16       7.26177    6.42886    5.95582    5.61815    5.39175    5.19973    5.06908    4.97558    4.89402    4.81508    4.748    4.70645    4.70571
* LOWGAINMULTIPLIER_SUM 3 0     999999    1   6   4   16       7.26177    6.42886    5.95582    5.61815    5.39175    5.19973    5.06908    4.97558    4.89402    4.81508    4.748    4.70645    4.70571
* LOWGAINMULTIPLIER_SUM 4 0     999999    1   6   4   16       7.26177    6.42886    5.95582    5.61815    5.39175    5.19973    5.06908    4.97558    4.89402    4.81508    4.748    4.70645    4.70571

* LOWGAINMULTIPLIER_SUM 1 0     999999    1   16   4   16       8.28231    7.33234    6.79283    6.4077    6.14948    5.93048    5.78147    5.67482    5.5818    5.49177    5.41527    5.36787    5.36703
* LOWGAINMULTIPLIER_SUM 2 0     999999    1   16   4   16       8.28231    7.33234    6.79283    6.4077    6.14948    5.93048    5.78147    5.67482    5.5818    5.49177    5.41527    5.36787    5.36703
* LOWGAINMULTIPLIER_SUM 3 0     999999    1   16   4   16       8.28231    7.33234    6.79283    6.4077    6.14948    5.93048    5.78147    5.67482    5.5818    5.49177    5.41527    5.36787    5.36703
* LOWGAINMULTIPLIER_SUM 4 0     999999    1   16   4   16       8.28231    7.33234    6.79283    6.4077    6.14948    5.93048    5.78147    5.67482    5.5818    5.49177    5.41527    5.36787    5.36703


  LOWGAINMULTIPLIER_SUM 1 0     999999    1   4  4 18  7.25397    5.76956    5.14395    4.77417    4.54199    4.38859    4.28171    4.20934    4.14512    4.08283    4.04416    4.01698    3.9955    3.97424    3.93241
  LOWGAINMULTIPLIER_SUM 2 0     999999    1   4  4 18  7.25397    5.76956    5.14395    4.77417    4.54199    4.38859    4.28171    4.20934    4.14512    4.08283    4.04416    4.01698    3.9955    3.97424    3.93241
  LOWGAINMULTIPLIER_SUM 3 0     999999    1   4  4 18  7.25397    5.76956    5.14395    4.77417    4.54199    4.38859    4.28171    4.20934    4.14512    4.08283    4.04416    4.01698    3.9955    3.97424    3.93241
  LOWGAINMULTIPLIER_SUM 4 0     999999    1   4  4 18  7.25397    5.76956    5.14395    4.77417    4.54199    4.38859    4.28171    4.20934    4.14512    4.08283    4.04416    4.01698    3.9955    3.97424    3.93241

  LOWGAINMULTIPLIER_SUM 1 0     999999    1   6  4 18  8.06144    6.4118    5.71654    5.30561    5.04758    4.87711    4.75832    4.6779    4.60653    4.53731    4.49433    4.46412    4.44025    4.41663    4.37014
  LOWGAINMULTIPLIER_SUM 2 0     999999    1   6  4 18  8.06144    6.4118    5.71654    5.30561    5.04758    4.87711    4.75832    4.6779    4.60653    4.53731    4.49433    4.46412    4.44025    4.41663    4.37014
  LOWGAINMULTIPLIER_SUM 3 0     999999    1   6  4 18  8.06144    6.4118    5.71654    5.30561    5.04758    4.87711    4.75832    4.6779    4.60653    4.53731    4.49433    4.46412    4.44025    4.41663    4.37014
  LOWGAINMULTIPLIER_SUM 4 0     999999    1   6  4 18  8.06144    6.4118    5.71654    5.30561    5.04758    4.87711    4.75832    4.6779    4.60653    4.53731    4.49433    4.46412    4.44025    4.41663    4.37014

  LOWGAINMULTIPLIER_SUM 1 0     999999    1   10  4 18  8.97317    7.13696    6.36307    5.90566    5.61845    5.4287    5.29648    5.20696    5.12752    5.05047    5.00263    4.96901    4.94244    4.91615    4.8644
  LOWGAINMULTIPLIER_SUM 2 0     999999    1   10  4 18  8.97317    7.13696    6.36307    5.90566    5.61845    5.4287    5.29648    5.20696    5.12752    5.05047    5.00263    4.96901    4.94244    4.91615    4.8644
  LOWGAINMULTIPLIER_SUM 3 0     999999    1   10  4 18  8.97317    7.13696    6.36307    5.90566    5.61845    5.4287    5.29648    5.20696    5.12752    5.05047    5.00263    4.96901    4.94244    4.91615    4.8644
  LOWGAINMULTIPLIER_SUM 4 0     999999    1   10  4 18  8.97317    7.13696    6.36307    5.90566    5.61845    5.4287    5.29648    5.20696    5.12752    5.05047    5.00263    4.96901    4.94244    4.91615    4.8644

  LOWGAINMULTIPLIER_SUM 1 0     999999    1   16  4 16  9.42984    7.50018    6.6869    6.20621    5.90439    5.70498    5.56603    5.47196    5.38847    5.3075    5.25723    5.22189    5.19397
  LOWGAINMULTIPLIER_SUM 2 0     999999    1   16  4 16  9.42984    7.50018    6.6869    6.20621    5.90439    5.70498    5.56603    5.47196    5.38847    5.3075    5.25723    5.22189    5.19397
  LOWGAINMULTIPLIER_SUM 3 0     999999    1   16  4 16  9.42984    7.50018    6.6869    6.20621    5.90439    5.70498    5.56603    5.47196    5.38847    5.3075    5.25723    5.22189    5.19397
  LOWGAINMULTIPLIER_SUM 4 0     999999    1   16  4 16  9.42984    7.50018    6.6869    6.20621    5.90439    5.70498    5.56603    5.47196    5.38847    5.3075    5.25723    5.22189    5.19397

  LOWGAINMULTIPLIER_SUM 1 0     999999    1   18  4 18  9.47452    7.53572    6.71859    6.23562    5.93237    5.73201    5.59241    5.49789    5.41401    5.33265    5.28214    5.24664    5.21858    5.19082    5.13618
  LOWGAINMULTIPLIER_SUM 2 0     999999    1   18  4 18  9.47452    7.53572    6.71859    6.23562    5.93237    5.73201    5.59241    5.49789    5.41401    5.33265    5.28214    5.24664    5.21858    5.19082    5.13618
  LOWGAINMULTIPLIER_SUM 3 0     999999    1   18  4 18  9.47452    7.53572    6.71859    6.23562    5.93237    5.73201    5.59241    5.49789    5.41401    5.33265    5.28214    5.24664    5.21858    5.19082    5.13618
  LOWGAINMULTIPLIER_SUM 4 0     999999    1   18  4 18  9.47452    7.53572    6.71859    6.23562    5.93237    5.73201    5.59241    5.49789    5.41401    5.33265    5.28214    5.24664    5.21858    5.19082    5.13618


