0
10
39
69
76
98
104
106
128
157
276
305
332
423
452
482
511
662
671
696
719
728
749
776
786
805
817
835
848
867
879
898
1015
1046
1162
1190
1222
1257
1427
1438
1489
1515
1568
1586
1633
1814
1899
1929
1996
2095
2134
2149
2225
2253
2365
1.0
0.733
0.727
0.73
0.71
0.713
0.735
0.703
0.712
0.707
0.714
0.693
0.686
0.698
0.658
0.672
0.667
0.658
0.657
0.654
0.657
0.65
0.637
0.646
0.646
0.638
0.634
0.659
0.637
0.646
0.0
0.637
0.634
0.639
0.642
0.65
0.642
0.634
0.611
0.588
0.607
0.601
0.594
0.582
0.587
0.576
0.58
0.556
0.554
0.55
0.554
0.541
0.572
0.552
0.545
1.0
0.004
0.002
0.004
0.002
0.002
0.008
0.014
0.004
0.002
0.005
0.002
0.007
0.015
0.006
0.009
0.014
0.005
0.003
0.013
0.003
0.005
0.005
0.005
0.004
0.004
0.003
0.002
0.005
0.003
0.0
0.003
0.004
0.003
0.002
0.01
0.003
0.005
0.004
0.009
0.004
0.0
0.003
0.002
0.006
0.003
0.005
0.002
0.003
0.003
0.002
0.004
0.005
0.004
0.002
