0.0004
0.0004
0.0003
0.0003
0.0003
0.0002
0.0002
0.0002
0.0002
0.0002
0.0002
0.0003
0.0004
0.0004
0.0005
0.0006
0.0007
0.0008
0.0009
0.0009
0.0010
0.0010
0.0010
0.0009
0.0009
0.0008
0.0007
0.0007
0.0006
0.0005
0.0004
0.0003
0.0003
0.0003
0.0003
0.0002
0.0002
0.0002
0.0002
0.0002
0.0002
0.0002
0.0002
0.0002
0.0001
0.0001
0.0001
0.0002
0.0002
0.0003
0.0005
0.0006
0.0008
0.0010
0.0013
0.0007
0.0003
0.0003
0.0005
0.0008
0.0016
0.0035
0.0069
0.0116
0.0181
0.0273
0.0406
0.0582
0.0796
0.1029
0.1261
0.1464
0.1617
0.1709
0.1743
0.1736
0.1700
0.1646
0.1583
0.1522
0.1471
0.1423
0.1367
0.1295
0.1210
0.1129
0.1059
0.0997
0.0933
0.0859
0.0777
0.0693
0.0611
0.0537
0.0478
0.0439
0.0420
0.0414
0.0408
0.0395
0.0371
0.0338
0.0299
0.0261
0.0232
0.0220
0.0221
0.0227
0.0231
0.0229
0.0221
0.0209
0.0193
0.0180
0.0171
0.0164
0.0155
0.0145
0.0137
0.0133
0.0136
0.0144
0.0153
0.0157
0.0153
0.0143
0.0132
0.0127
0.0121
0.0116
0.0112
0.0108
0.0105
0.0102
0.0100
0.0098
0.0096
0.0094
0.0092
0.0090
0.0088
0.0086
0.0085
0.0084
0.0083
0.0081
0.0078
0.0076
0.0072
0.0069
0.0065
0.0062
0.0060
0.0059
0.0059
0.0060
0.0063
0.0066
0.0068
0.0071
0.0072
0.0073
0.0072
0.0070
0.0067
0.0065
0.0062
0.0060
0.0059
0.0059
0.0060
0.0060
0.0062
0.0063
0.0063
0.0064
0.0063
0.0063
0.0061
0.0059
0.0056
0.0053
0.0050
0.0047
0.0045
0.0044
0.0043
0.0042
0.0042
0.0041
0.0041
0.0039
0.0038
0.0036
0.0034
0.0033
0.0034
0.0035
0.0038
0.0041
0.0046
0.0050
0.0054
0.0056
0.0057
0.0056
0.0054
0.0051
0.0048
0.0045
0.0043
0.0042
0.0042
0.0042
0.0043
0.0043
0.0043
0.0043
0.0042
0.0041
0.0040
0.0038
0.0037
0.0035
0.0033
0.0032
0.0031
0.0030
0.0031
0.0032
0.0033
0.0035
0.0038
0.0040
0.0042
0.0043
0.0044
0.0043
0.0042
0.0041
0.0039
0.0037
0.0036
0.0035
0.0034
0.0034
0.0034
0.0034
0.0035
0.0036
0.0036
0.0037
0.0038
0.0039
0.0040
0.0040
0.0039
0.0038
0.0037
0.0034
0.0031
0.0027
0.0023
0.0020
0.0016
0.0013
0.0011
0.0010
0.0010
0.0010
0.0011
0.0012
0.0012
0.0013
0.0013
0.0013
0.0012
0.0012
0.0012
0.0012
0.0013
0.0014
0.0015
0.0016
0.0018
0.0019
0.0021
0.0022
0.0023
0.0024
0.0024
0.0023
0.0023
0.0022
0.0020
0.0019
0.0016
0.0013
0.0009
0.0005
0.0000
0.0000
0.0000
0.0000
0.0000
0.0000
0.0000
0.0000
0.0000
0.0000
0.0000
0.0000
0.0000
0.0000
0.0000
0.0000
0.0000
0.0000
0.0000
0.0000
