#  FERMI ALL-SKY VARIABILITY ANALYSIS (FAVA) 
#  Ackermann et al (The Astrophysical Journal, 771:57 (12pp), 2013 July 1)
# Fava ID , RA (J2000.0) , Dec (J2000.0) , # HE Flares , # Neg. Flares , LAT Assoc. , Assoc. , Atel # ,
* V 14
J0019-05 , 00 19 04.7 , -05 20 59.9 , 0 , 0 , 2FGL_J0017.6-0510 , PMN_J0017-0512 , 0 ,
J0029-55 , 00 29 07.2 , -55 02 59.9 , 0 , 0 , 2FGL_J0032.7-5521 , none , 0 ,
J0031-02 , 00 31 23.9 , -02 17 59.9 , 1 , 0 , none , none , 0 ,
J0104+58 , 01 04 09.5 , +58 20 24.0 , 5 , 0 , 2FGL_J0102.7+5827 , TXS_0059+581 , 0 ,
J0112+61 , 01 12 28.7 , +61 16 11.8 , 3 , 0 , 2FGL_J0109.9+6132 , TXS_0106+612 , 0 ,
J0112+23 , 01 12 07.2 , +23 02 23.9 , 1 , 0 , 2FGL_J0112.1+2245 , S2_0109+22 , 0 ,
J0113+32 , 01 13 38.4 , +32 12 00.0 , 2 , 0 , 2FGL_J0112.8+3208 , 4C_31.03 , 0 ,
J0115-11 , 01 15 45.6 , -11 32 23.9 , 5 , 0 , 2FGL_J0116.0-1134 , PKS_0113-118 , 0 ,
J0139+47 , 01 39 14.3 , +47 30 35.9 , 0 , 0 , 2FGL_J0136.9+4751 , OC_457 , 0 ,
J0203+30 , 02 03 28.8 , +30 22 12.0 , 5 , 0 , none , none , 0 ,
J0203+15 , 02 03 48.0 , +15 30 00.0 , 1 , 0 , 2FGL_J0205.0+1514 , 4C_+15.05 , 0 ,
J0203-17 , 02 03 50.4 , -17 18 00.0 , 0 , 0 , 2FGL_J0205.3-1657 , PKS_0202-17 , 0 ,
J0209-51 , 02 09 40.7 , -51 11 23.9 , 5 , 0 , 2FGL_J0210.7-5102 , PKS_0208-512 , 0 ,
J0212+10 , 02 12 43.2 , +10 05 59.9 , 5 , 0 , none , none , 0 ,
J0215+01 , 02 15 21.6 , +01 46 12.0 , 1 , 0 , 2FGL_J0217.9+0143 , PKS_0215+015 , 0 ,
J0219+35 , 02 19 09.5 , +35 43 47.9 , 1 , 0 , 2FGL_J0221.0+3555 , S4_0218+35 , 0 ,
J0219-27 , 02 19 52.7 , -27 59 23.9 , 1 , 0 , none , none , 0 ,
J0225+42 , 02 25 09.6 , +42 55 11.8 , 3 , 0 , 2FGL_J0222.6+4302 , 3C_66A , 0 ,
J0227-56 , 02 27 57.6 , -56 27 00.0 , 1 , 0 , none , none , 0 ,
J0228-36 , 02 28 33.5 , -36 29 24.0 , 1 , 0 , 2FGL_J0229.3-3644 , PKS_0227-369 , 0 ,
J0237+60 , 02 37 07.2 , +60 40 12.0 , 0 , 2 , 2FGL_J0240.5+6113 , LS_I+61_303 , 0 ,
J0234-61 , 02 34 55.1 , -61 36 00.0 , 3 , 0 , 2FGL_J0237.1-6136 , PKS_0235-618 , 0 ,
J0238+28 , 02 38 00.0 , +28 34 47.9 , 7 , 0 , 2FGL_J0237.8+2846 , 4C_+28.07 , 0 ,
J0238+16 , 02 38 52.8 , +16 31 11.9 , 14 , 1 , 2FGL_J0238.7+1637 , AO_0235+164 , 0 ,
J0246-46 , 02 46 48.0 , -46 40 12.0 , 2 , 0 , 2FGL_J0245.9-4652 , PKS_0244-470 , 0 ,
J0251-22 , 02 51 31.2 , -22 36 00.0 , 4 , 0 , 2FGL_J0252.7-2218 , PKS_0250-225 , 0 ,
J0302-24 , 03 02 36.0 , -24 27 36.0 , 3 , 0 , 2FGL_J0303.4-2407 , PKS_0301-243 , 0 ,
J0308+10 , 03 08 43.1 , +10 24 00.0 , 4 , 0 , 2FGL_J0309.1+1027 , PKS_0306+102 , 0 ,
J0312+01 , 03 12 33.6 , +01 21 00.0 , 0 , 0 , 2FGL_J0312.6+0132 , PKS_0310+013 , 0 ,
J0320+41 , 03 20 35.9 , +41 37 48.0 , 3 , 0 , 2FGL_J0319.8+4130 , NGC_1275 , 0 ,
J0329+22 , 03 29 55.1 , +22 23 24.0 , 0 , 0 , 2FGL_J0326.1+2226 , TXS_0322+222 , 0 ,
J0333+32 , 03 33 45.5 , +32 31 12.0 , 0 , 0 , none , none , 0 ,
J0333-40 , 03 33 43.1 , -40 22 11.9 , 1 , 0 , 2FGL_J0334.2-4008 , PKS_0332-403 , 0 ,
J0341-02 , 03 41 02.3 , -02 25 48.0 , 0 , 0 , 2FGL_J0339.4-0144 , PKS_0336-01 , 0 ,
J0342-25 , 03 42 48.0 , -25 11 59.9 , 1 , 0 , none , none , 0 ,
J0350+79 , 03 50 57.6 , +79 56 23.8 , 1 , 0 , 2FGL_J0354.1+8010 , S5_0346+80 , 0 ,
J0351-21 , 03 51 00.0 , -21 03 35.9 , 0 , 0 , 2FGL_J0350.0-2104 , PKS_0347-211 , 0 ,
J0402-36 , 04 02 35.9 , -36 12 36.0 , 7 , 1 , 2FGL_J0403.9-3604 , PKS_0402-362 , 0 ,
J0422-01 , 04 22 38.4 , -01 29 23.9 , 1 , 0 , 2FGL_J0423.2-0120 , PKS_0420-01 , 0 ,
J0428-38 , 04 28 04.7 , -38 02 59.9 , 11 , 7 , 2FGL_J0428.6-3756 , PKS_0426-380 , 0 ,
J0427-60 , 04 27 45.5 , -60 22 11.9 , 1 , 0 , 2FGL_J0433.4-6029 , PKS_0432-606 , 0 ,
J0441-00 , 04 41 48.0 , -00 44 23.9 , 2 , 0 , 2FGL_J0442.7-0017 , PKS_0440-00 , 0 ,
J0448+11 , 04 48 16.7 , +11 06 35.9 , 2 , 0 , 2FGL_J0448.9+1121 , PKS_0446+11 , 0 ,
J0456-23 , 04 56 14.3 , -23 33 35.9 , 11 , 14 , 2FGL_J0457.0-2325 , PKS_0454-234 , 0 ,
J0503-01 , 05 03 40.8 , -01 46 12.0 , 1 , 0 , 2FGL_J0501.2-0155 , PKS_0458-02 , 4396 ,
J0504+04 , 05 04 28.8 , +04 41 24.0 , 4 , 0 , 2FGL_J0505.5+0501 , PKS_0502+049 , 0 ,
J0517+45 , 05 17 16.7 , +45 29 24.0 , 1 , 0 , 2FGL_J0517.0+4532 , 4C_+45.08 , 0 ,
J0520-36 , 05 20 19.2 , -36 25 47.9 , 1 , 0 , 2FGL_J0523.0-3628 , PKS_0521-36 , 0 ,
J0525+16 , 05 25 11.8 , +16 00 36.0 , 0 , 0 , none , none , 0 ,
J0532+21 , 05 32 55.2 , +21 36 00.0 , 1 , 0 , 2FGL_J0534.5+2201 , PSR_J0534+2200 , 0 ,
J0533+07 , 05 33 02.2 , +07 13 48.0 , 3 , 0 , 2FGL_J0532.7+0733 , OG_050 , 0 ,
J0532-48 , 05 32 57.5 , -48 24 35.9 , 7 , 0 , 2FGL_J0532.0-4826 , PMN_J0531-4827 , 0 ,
J0536-44 , 05 36 16.7 , -44 15 35.9 , 10 , 1 , 2FGL_J0538.8-4405 , PKS_0537-441 , 0 ,
J0537+13 , 05 38 00.0 , +13 58 12.0 , 2 , 0 , Fermi_J0539+1432 , TXS_0536+145 , 3999 ,
J0537-54 , 05 37 28.8 , -54 57 36.0 , 1 , 0 , 2FGL_J0540.4-5415 , PKS_0539-543 , 0 ,
J0539-34 , 05 39 33.6 , -34 12 36.0 , 0 , 0 , 2FGL_J0536.2-3348 , 1RXS_J053629.4-33430 , 0 ,
J0604-70 , 06 04 19.2 , -70 16 48.0 , 1 , 0 , 2FGL_J0601.1-7037 , PKS_0601-70 , 0 ,
J0622+33 , 06 22 36.0 , +33 37 48.0 , 13 , 0 , 2FGL_J0622.9+3326 , B2_0619+33 , 0 ,
J0628-20 , 06 28 45.4 , -20 10 47.9 , 3 , 0 , 2FGL_J0629.3-2001 , PKS_0627-199 , 0 ,
J0640+05 , 06 40 26.4 , +05 46 48.0 , 1 , 0 , Fermi_J0639+0548 , Nova_Mon_2012 , 4224 ,
J0646-30 , 06 46 59.9 , -30 11 59.9 , 0 , 0 , Fermi_J0648-3044 , PKS_0646-306 , 3878 ,
J0652+45 , 06 52 09.6 , +45 04 12.0 , 3 , 0 , 2FGL_J0654.2+4514 , B3_0650+453 , 0 ,
J0703-46 , 07 03 31.1 , -46 44 24.0 , 1 , 0 , 2FGL_J0701.7-4630 , PKS_0700-465 , 0 ,
J0712+19 , 07 12 11.9 , +19 30 00.0 , 2 , 0 , 2FGL_J0714.0+1933 , MG2_J071354+1934 , 0 ,
J0717+71 , 07 17 50.3 , +71 08 24.0 , 8 , 3 , 2FGL_J0721.9+7120 , S5_0716+71 , 0 ,
J0720+33 , 07 20 33.6 , +33 04 47.9 , 3 , 0 , 2FGL_J0719.3+3306 , B2_0716+33 , 0 ,
J0724+14 , 07 24 36.0 , +14 08 24.0 , 8 , 1 , 2FGL_J0725.3+1426 , 4C_+14.23 , 0 ,
J0728-11 , 07 28 57.4 , -11 42 36.0 , 0 , 0 , 2FGL_J0730.2-1141 , PKS_0727-11 , 0 ,
J0730+36 , 07 30 28.8 , +36 58 47.9 , 1 , 0 , none , none , 0 ,
J0740+54 , 07 40 43.2 , +54 57 36.0 , 5 , 0 , 2FGL_J0742.6+5442 , GB6_J0742+5444 , 0 ,
J0746+01 , 07 46 11.9 , +01 33 36.0 , 0 , 0 , 2FGL_J0739.2+0138 , PKS_0736+01 , 0 ,
J0747+24 , 07 47 40.8 , +24 10 12.0 , 1 , 0 , none , none , 0 ,
J0759-56 , 07 59 19.1 , -56 27 00.0 , 1 , 0 , GRB080916C , none , 0 ,
J0804+61 , 08 04 04.7 , +61 31 48.0 , 1 , 0 , 2FGL_J0805.5+6145 , TXS_0800+618 , 0 ,
J0806+52 , 08 05 59.9 , +52 42 00.0 , 1 , 0 , none , none , 0 ,
J0808-08 , 08 08 33.6 , -08 12 36.0 , 6 , 0 , 2FGL_J0808.2-0750 , PKS_0805-07 , 0 ,
J0811+02 , 08 11 11.8 , +02 29 24.0 , 1 , 0 , none , none , 0 ,
J0831+04 , 08 31 07.0 , +04 12 35.9 , 1 , 0 , 2FGL_J0831.9+0429 , PKS_0829+046 , 0 ,
J0839+00 , 08 39 55.0 , +00 50 23.9 , 1 , 0 , 2FGL_J0839.6+0059 , PKS_0837+012 , 0 ,
J0845+70 , 08 45 43.0 , +70 46 11.9 , 1 , 0 , 2FGL_J0841.6+7052 , 4C_+71.07 , 0 ,
J0849+50 , 08 49 16.6 , +50 34 12.0 , 6 , 0 , Fermi_J0849+5108 , SBS_0846+513 , 3452 ,
J0849-12 , 08 49 38.2 , -12 16 11.9 , 3 , 0 , 2FGL_J0850.2-1212 , BZQ_J0850-1213 , 0 ,
J0855+20 , 08 55 04.8 , +20 26 59.9 , 4 , 0 , 2FGL_J0854.8+2005 , OJ_287 , 0 ,
J0905-35 , 09 05 11.8 , -35 52 11.9 , 1 , 0 , 2FGL_J0904.8-3513 , NVSS_J090442-351423 , 0 ,
J0908+60 , 09 08 07.0 , +60 32 23.9 , 1 , 0 , none , none , 0 ,
J0907-02 , 09 07 50.3 , -02 44 24.0 , 0 , 0 , 2FGL_J0909.7-0229 , PKS_0907-023 , 0 ,
J0908-50 , 09 08 57.6 , -50 10 12.0 , 1 , 0 , 2FGL_J0910.4-5050 , AT20G_J091058-504807 , 0 ,
J0910+01 , 09 10 40.7 , +01 35 24.0 , 1 , 0 , 2FGL_J0909.1+0121 , PKS_0906+01 , 0 ,
J0920+44 , 09 20 38.2 , +44 33 36.0 , 5 , 0 , 2FGL_J0920.9+4441 , S4_0917+44 , 0 ,
J0924+28 , 09 24 33.5 , +28 10 12.0 , 1 , 0 , 2FGL_J0924.0+2819 , B2_0920+28 , 0 ,
J0948+01 , 09 48 40.7 , +01 07 47.9 , 0 , 0 , 2FGL_J0948.8+0020 , PMN_J0948+0022 , 0 ,
J0955+65 , 09 55 02.4 , +65 52 47.8 , 1 , 0 , 2FGL_J0958.6+6533 , S4_0954+65 , 0 ,
J0957+24 , 09 57 31.0 , +24 22 12.0 , 1 , 0 , 2FGL_J0956.9+2516 , OK_290 , 0 ,
J0957-13 , 09 57 43.1 , -13 54 00.0 , 1 , 0 , 2FGL_J0957.6-1350 , PMN_J0957-1350 , 0 ,
J1013+24 , 10 13 52.6 , +24 19 12.0 , 1 , 0 , 2FGL_J1012.6+2440 , MG2_J101241+2439 , 0 ,
J1015+04 , 10 15 45.4 , +04 50 23.9 , 1 , 0 , 2FGL_J1016.0+0513 , TXS_1013+054 , 0 ,
J1023-31 , 10 23 07.2 , -31 55 47.9 , 1 , 0 , none , none , 0 ,
J1033+60 , 10 33 23.8 , +60 56 23.9 , 6 , 0 , 2FGL_J1033.9+6050 , S4_1030+61 , 0 ,
J1038-53 , 10 38 16.6 , -53 10 12.0 , 3 , 0 , Fermi_J1038-5314 , PMN_J1038-5311 , 3978 ,
J1040+06 , 10 40 40.6 , +06 12 35.9 , 1 , 0 , 2FGL_J1040.7+0614 , 4C_+06.41 , 0 ,
J1045+81 , 10 45 57.6 , +81 22 47.9 , 1 , 0 , 2FGL_J1042.6+8053 , S5_1039+81 , 0 ,
J1046-29 , 10 46 16.6 , -29 19 12.0 , 1 , 0 , 2FGL_J1045.5-2931 , PKS_B1043-291 , 0 ,
J1051+04 , 10 51 16.6 , +04 41 24.0 , 1 , 0 , none , none , 0 ,
J1100+00 , 11 00 43.0 , +00 54 36.0 , 0 , 0 , 2FGL_J1058.4+0133 , 4C_+01.28 , 0 ,
J1102+37 , 11 03 00.0 , +37 53 23.8 , 1 , 0 , 2FGL_J1104.4+3812 , Mkn_421 , 0 ,
J1110+34 , 11 10 19.0 , +34 49 47.9 , 0 , 0 , 2FGL_J1112.4+3450 , TXS_1109+350 , 0 ,
J1120-05 , 11 20 50.3 , -05 30 00.0 , 3 , 0 , 2FGL_J1121.5-0554 , PKS_1118-05 , 0 ,
J1124-64 , 11 24 50.2 , -64 25 48.0 , 0 , 0 , 1FGL_J1122.9-6415 , PMN_J1123-6417 , 0 ,
J1129-19 , 11 29 19.2 , -19 13 48.0 , 5 , 0 , 2FGL_J1126.6-1856 , PKS_1124-186 , 3207 ,
J1136-06 , 11 36 47.9 , -06 12 35.9 , 0 , 0 , none , none , 0 ,
J1145+39 , 11 45 28.8 , +39 55 11.8 , 3 , 0 , 2FGL_J1146.9+4000 , S4_1144+40 , 0 ,
J1152+49 , 11 52 57.6 , +49 43 47.9 , 5 , 0 , 2FGL_J1153.2+4935 , OM_484 , 0 ,
J1200+29 , 12 00 55.1 , +29 30 36.0 , 6 , 0 , 2FGL_J1159.5+2914 , Ton_599 , 0 ,
J1205+54 , 12 05 26.4 , +54 53 59.9 , 1 , 0 , 2FGL_J1208.8+5441 , TXS_1206+549 , 0 ,
J1217+29 , 12 17 26.2 , +29 56 24.0 , 1 , 0 , 2FGL_J1217.8+3006 , 1ES_1215+303 , 0 ,
J1224+21 , 12 24 52.8 , +21 22 12.0 , 27 , 82 , 2FGL_J1224.9+2122 , 4C_+21.35 , 0 ,
J1229+02 , 12 29 43.1 , +02 09 36.0 , 10 , 14 , 2FGL_J1229.1+0202 , 3C_273 , 0 ,
J1240+04 , 12 40 28.6 , +04 24 36.0 , 2 , 0 , 2FGL_J1239.5+0443 , MG1_J123931+0443 , 0 ,
J1246-25 , 12 46 14.4 , -25 52 47.9 , 6 , 0 , 2FGL_J1246.7-2546 , PKS_1244-255 , 0 ,
J1257-05 , 12 57 04.8 , -05 49 12.0 , 10 , 10 , 2FGL_J1256.1-0547 , 3C_279 , 0 ,
J1300-22 , 13 00 09.5 , -22 44 23.9 , 1 , 0 , 2FGL_J1258.8-2223 , PKS_1256-220 , 0 ,
J1303-64 , 13 03 57.4 , -64 55 12.0 , 0 , 0 , Fermi_J1302-6350 , PSRB_1259-63 , 3085 ,
J1312+55 , 13 12 07.0 , +55 17 59.9 , 1 , 0 , none , none , 0 ,
J1313+32 , 13 12 59.8 , +32 29 24.0 , 3 , 0 , 2FGL_J1310.6+3222 , OP_313 , 0 ,
J1313+48 , 13 13 09.5 , +48 51 00.0 , 7 , 0 , 2FGL_J1312.8+4828 , GB_1310+487 , 0 ,
J1318-33 , 13 18 52.7 , -33 37 48.0 , 1 , 0 , 2FGL_J1315.9-3339 , PKS_1313-333 , 0 ,
J1329-70 , 13 29 16.6 , -70 10 11.8 , 2 , 0 , 2FGL_J1330.1-7002 , PKS_1326-697 , 0 ,
J1331-55 , 13 31 26.4 , -55 51 00.0 , 0 , 0 , 2FGL_J1329.2-5608 , PMN_J1329-5608 , 0 ,
J1332-04 , 13 32 43.2 , -04 58 11.9 , 7 , 1 , 2FGL_J1332.0-0508 , PKS_1329-049 , 0 ,
J1333+04 , 13 33 38.3 , +04 41 24.0 , 1 , 0 , none , none , 0 ,
J1346+44 , 13 46 33.5 , +44 52 11.9 , 8 , 0 , 2FGL_J1345.4+4453 , B3_1343+451 , 0 ,
J1348-29 , 13 48 50.4 , -29 34 47.9 , 1 , 0 , 2FGL_J1351.3-2909 , PKS_1348-289 , 0 ,
J1351-11 , 13 51 07.2 , -11 10 11.9 , 4 , 0 , Fermi_J1349-1132 , PKS_1346-112 , 3788 ,
J1353+30 , 13 53 21.5 , +30 12 36.0 , 1 , 0 , 2FGL_J1350.8+3035 , B2_1348+30B , 0 ,
J1419+35 , 14 19 26.4 , +35 59 24.0 , 4 , 0 , none , none , 0 ,
J1428-41 , 14 28 21.6 , -41 49 47.9 , 6 , 4 , 2FGL_J1428.0-4206 , PKS_B1424-418 , 0 ,
J1459-35 , 14 59 02.2 , -35 34 12.0 , 6 , 0 , 2FGL_J1457.4-3540 , PKS_1454-354 , 0 ,
J1505+10 , 15 05 07.1 , +10 29 24.0 , 26 , 40 , 2FGL_J1504.3+1029 , PKS_1502+106 , 0 ,
J1513-09 , 15 13 21.6 , -09 07 11.9 , 19 , 76 , 2FGL_J1512.8-0906 , PKS_1510-08 , 0 ,
J1517-31 , 15 17 02.2 , -31 37 47.9 , 0 , 0 , 2FGL_J1513.6-3233 , PKS_1510-324 , 0 ,
J1522+31 , 15 22 59.8 , +31 37 12.0 , 7 , 1 , 2FGL_J1522.1+3144 , B2_1520+31 , 0 ,
J1533-13 , 15 33 28.7 , -13 23 24.0 , 9 , 0 , Fermi_J1532-1319 , TXS_1530-131 , 3579 ,
J1554+13 , 15 54 14.3 , +13 16 11.9 , 2 , 0 , 2FGL_J1553.5+1255 , PKS_1551+130 , 0 ,
J1626-25 , 16 26 19.1 , -25 43 48.0 , 4 , 0 , 2FGL_J1625.7-2526 , PKS_1622-253 , 0 ,
J1636+38 , 16 36 38.2 , +38 16 48.0 , 6 , 6 , 2FGL_J1635.2+3810 , 4C_+38.41 , 0 ,
J1641+47 , 16 41 09.5 , +47 33 36.0 , 1 , 0 , 2FGL_J1637.7+4714 , 4C_+47.44 , 0 ,
J1641+41 , 16 41 57.6 , +40 59 59.8 , 1 , 1 , 2FGL_J1642.9+3949 , 3C_345 , 0 ,
J1656+48 , 16 56 43.2 , +48 20 24.0 , 1 , 0 , 2FGL_J1657.9+4809 , 4C_+48.41 , 0 ,
J1704-62 , 17 04 52.6 , -62 22 48.0 , 0 , 0 , 2FGL_J1703.2-6217 , CGRaBS_J1703-6212 , 0 ,
J1700+68 , 17 00 26.2 , +68 34 47.8 , 3 , 0 , 2FGL_J1700.2+6831 , TXS_1700+685 , 0 ,
J1710+43 , 17 10 47.9 , +43 22 48.0 , 10 , 0 , 2FGL_J1709.7+4319 , B3_1708+433 , 0 ,
J1707+77 , 17 07 38.4 , +77 10 12.0 , 0 , 0 , none , none , 0 ,
J1715-33 , 17 15 31.0 , -33 42 00.0 , 2 , 0 , 2FGL_J1717.7-3342 , TXS_1714-336 , 0 ,
J1718-52 , 17 18 47.8 , -52 21 00.0 , 2 , 0 , Fermi_J1717-5156 , PMN_J1717-5155 , 4023 ,
J1719+18 , 17 19 31.1 , +18 01 11.9 , 2 , 0 , 2FGL_J1719.3+1744 , PKS_1717+177 , 0 ,
J1732-12 , 17 32 47.8 , -12 58 48.0 , 3 , 0 , 2FGL_J1733.1-1307 , PKS_1730-13 , 0 ,
J1735+39 , 17 35 57.4 , +39 07 11.9 , 4 , 0 , 2FGL_J1734.3+3858 , B2_1732+38A , 0 ,
J1740+27 , 17 40 00.0 , +27 17 23.9 , 1 , 0 , GRB090902B , none , 0 ,
J1741+50 , 17 41 16.6 , +50 06 35.8 , 1 , 0 , 2FGL_J1739.5+4955 , S4_1738+49 , 0 ,
J1743+52 , 17 43 11.8 , +52 06 00.0 , 2 , 0 , 2FGL_J1740.2+5212 , 4C_+51.37 , 0 ,
J1746+70 , 17 46 40.6 , +70 13 48.0 , 3 , 0 , 2FGL_J1748.8+7006 , S4_1749+70 , 3171 ,
J1752-32 , 17 51 59.8 , -32 58 11.9 , 1 , 0 , Fermi_J1750-3243 , Nova_Sco_2012 , 4284 ,
J1751+09 , 17 51 07.1 , +09 22 48.0 , 1 , 0 , 2FGL_J1751.5+0938 , OT_081 , 0 ,
J1753+32 , 17 53 26.4 , +32 32 59.9 , 2 , 0 , 2FGL_J1754.3+3212 , RX_J1754.1+3212 , 0 ,
J1759-48 , 17 59 40.6 , -48 49 47.9 , 1 , 0 , 2FGL_J1759.2-4819 , PMN_J1758-4820 , 0 ,
J1803-39 , 18 03 40.6 , -39 18 36.0 , 6 , 0 , 2FGL_J1802.6-3940 , PMN_J1802-3940 , 0 ,
J1807+78 , 18 07 50.2 , +78 33 36.0 , 5 , 0 , 2FGL_J1800.5+7829 , S5_1803+784 , 0 ,
J1827-52 , 18 27 55.2 , -52 19 47.9 , 1 , 0 , 2FGL_J1825.1-5231 , PKS_1821-525 , 0 ,
J1825+56 , 18 25 16.7 , +56 50 23.8 , 2 , 0 , 2FGL_J1824.0+5650 , 4C_+56.27 , 0 ,
J1834-21 , 18 34 31.0 , -21 03 35.9 , 10 , 0 , 2FGL_J1833.6-2104 , PKS_1830-211 , 0 ,
J1850+32 , 18 50 19.0 , +32 21 00.0 , 6 , 0 , 2FGL_J1848.5+3216 , B2_1846+32A , 0 ,
J1853+48 , 18 53 26.4 , +48 35 24.0 , 1 , 0 , 2FGL_J1852.5+4856 , S4_1851+48 , 0 ,
J1853+67 , 18 53 09.6 , +67 05 24.0 , 11 , 0 , 2FGL_J1849.4+6706 , S4_1849+67 , 0 ,
J1909-80 , 19 09 57.4 , -80 13 48.0 , 1 , 0 , none , none , 0 ,
J1910-20 , 19 10 14.3 , -20 03 00.0 , 0 , 0 , 2FGL_J1911.1-2005 , PKS_B1908-201 , 0 ,
J1914-35 , 19 14 19.0 , -35 57 36.0 , 1 , 0 , Fermi_J1913-3630 , PMN_J1913-3630 , 2966 ,
J1924-21 , 19 24 07.1 , -21 11 24.0 , 3 , 0 , 2FGL_J1923.5-2105 , TXS_1920-211 , 0 ,
J1956-38 , 19 56 16.7 , -38 21 35.9 , 1 , 0 , 2FGL_J1958.2-3848 , PKS_1954-388 , 0 ,
J1956-42 , 19 56 45.6 , -42 50 24.0 , 1 , 0 , 2FGL_J1959.1-4245 , PMN_J1959-4246 , 0 ,
J2001+44 , 20 01 02.2 , +44 11 23.9 , 1 , 0 , 2FGL_J2001.1+4352 , MAGIC_J2001+435 , 0 ,
J2012+37 , 20 12 52.8 , +37 11 23.9 , 1 , 0 , 2FGL_J2015.6+3709 , MG2_J201534+3710 , 0 ,
J2023+33 , 20 23 57.6 , +33 45 35.9 , 1 , 0 , 2FGL_J2025.1+3341 , B2_2023+33 , 0 ,
J2026-07 , 20 26 35.9 , -07 32 59.9 , 8 , 0 , 2FGL_J2025.6-0736 , PKS_2023-07 , 0 ,
J2034+40 , 20 34 21.4 , +40 55 47.9 , 0 , 0 , 2FGL_J2032.1+4049 , Cyg_X-3 , 0 ,
J2036+11 , 20 36 19.1 , +11 09 36.0 , 1 , 0 , 2FGL_J2035.4+1058 , PKS_2032+107 , 0 ,
J2056-47 , 20 56 38.4 , -47 20 59.8 , 4 , 0 , 2FGL_J2056.2-4715 , PKS_2052-47 , 0 ,
J2103+45 , 21 03 28.6 , +45 42 36.0 , 2 , 0 , 2FGL_J2102.2+4546 , V407_Cyg , 0 ,
J2122-46 , 21 22 00.0 , -46 01 48.0 , 0 , 0 , 2FGL_J2125.0-4632 , PKS_2123-463 , 3808 ,
J2134-01 , 21 34 04.6 , -01 57 35.9 , 1 , 0 , 2FGL_J2133.8-0154 , PKS_2131-021 , 4333 ,
J2144+17 , 21 44 16.6 , +17 43 11.9 , 0 , 0 , 2FGL_J2143.5+1743 , OX_169 , 0 ,
J2148-75 , 21 48 14.2 , -75 26 59.8 , 5 , 0 , 2FGL_J2147.4-7534 , PKS_2142-75 , 0 ,
J2155-83 , 21 55 24.0 , -83 57 35.9 , 1 , 0 , 2FGL_J2201.9-8335 , PKS_2155-83 , 0 ,
J2154-30 , 21 54 31.1 , -30 29 23.9 , 0 , 0 , 2FGL_J2151.5-3021 , PKS_2149-306 , 0 ,
J2159+31 , 21 59 35.9 , +31 27 36.0 , 1 , 0 , 2FGL_J2157.4+3129 , B2_2155+31 , 0 ,
J2202+42 , 22 02 14.3 , +42 13 47.9 , 8 , 1 , 2FGL_J2202.8+4216 , BL_Lacertae , 0 ,
J2202+50 , 22 02 28.8 , +50 46 12.0 , 4 , 0 , Fermi_J2202+5045 , NRAO_676 , 4182 ,
J2209-53 , 22 09 31.1 , -53 43 11.9 , 1 , 0 , 2FGL_J2208.1-5345 , PKS_2204-54 , 0 ,
J2214-26 , 22 14 23.8 , -26 39 36.0 , 1 , 0 , GRB090510 , none , 0 ,
J2229-07 , 22 29 31.0 , -07 52 12.0 , 0 , 0 , 2FGL_J2229.7-0832 , PKS_2227-08 , 0 ,
J2233+11 , 22 33 24.0 , +11 48 00.0 , 3 , 0 , 2FGL_J2232.4+1143 , CTA_102 , 0 ,
J2237-14 , 22 37 24.0 , -14 24 00.0 , 5 , 0 , 2FGL_J2236.5-1431 , PKS_2233-148 , 0 ,
J2238-39 , 22 38 59.8 , -39 21 35.9 , 1 , 0 , none , none , 0 ,
J2247-06 , 22 47 16.8 , -06 01 48.0 , 0 , 0 , none , none , 0 ,
J2252-27 , 22 52 04.6 , -27 49 12.0 , 3 , 0 , 2FGL_J2250.8-2808 , PMN_J2250-2806 , 0 ,
J2254+16 , 22 54 16.6 , +16 12 36.0 , 137 , 123 , 2FGL_J2253.9+1609 , 3C_454.3 , 0 ,
J2311+34 , 23 11 43.2 , +34 20 24.0 , 5 , 0 , 2FGL_J2311.0+3425 , B2_2308+34 , 0 ,
J2321+32 , 23 21 47.8 , +32 04 12.0 , 2 , 0 , 2FGL_J2322.2+3206 , B2_2319+31 , 0 ,
J2322-03 , 23 22 55.0 , -03 51 00.0 , 1 , 0 , 2FGL_J2323.6-0316 , PKS_2320-035 , 0 ,
J2326+40 , 23 26 11.8 , +40 23 24.0 , 1 , 0 , 2FGL_J2325.3+3957 , B3_2322+396 , 0 ,
J2328-49 , 23 28 40.6 , -49 47 23.8 , 3 , 2 , 2FGL_J2329.2-4956 , PKS_2326-502 , 0 ,
J2329-21 , 23 29 14.3 , -21 27 36.0 , 1 , 0 , 2FGL_J2330.9-2144 , PMN_J2331-2148 , 0 ,
J2330+09 , 23 30 16.7 , +09 21 35.9 , 1 , 0 , 2FGL_J2327.5+0940 , PKS_2325+093 , 0 ,
J2332-66 , 23 32 59.8 , -66 17 23.8 , 1 , 0 , GRB090926A , none , 0 ,
J2333-40 , 23 33 09.6 , -40 26 23.8 , 2 , 0 , 2FGL_J2336.3-4111 , PKS_2333-415 , 0 ,
J2345-15 , 23 45 24.0 , -15 53 24.0 , 17 , 1 , 2FGL_J2345.0-1553 , PMN_J2345-1555 , 0 , 
