
University of Wyoming - Radiosonde Data

72274 TUS Tucson Observations at 00Z 01 Apr 2020

-----------------------------------------------------------------------------
   PRES   HGHT   TEMP   DWPT   RELH   MIXR   DRCT   SKNT   THTA   THTE   THTV
    hPa     m      C      C      %    g/kg    deg   knot     K      K      K 
-----------------------------------------------------------------------------
 1000.0     86                                                               
  926.0    751   26.0   -7.0     11   2.45     30      4  305.8  313.8  306.2
  925.0    763   26.0   -6.0     12   2.65     10      4  305.9  314.4  306.4
  909.0    914   24.4   -6.4     12   2.61    315     11  305.7  314.2  306.2
  877.5   1219   21.0   -7.2     14   2.54    320     10  305.4  313.6  305.8
  850.0   1494   18.0   -8.0     16   2.47    305      7  305.0  313.0  305.4
  846.0   1534   17.6   -8.4     16   2.41    295      7  305.0  312.8  305.4
  817.2   1829   16.4  -11.9     13   1.89    220      8  306.7  313.0  307.1
  808.0   1925   16.0  -13.0     12   1.75    222      7  307.3  313.1  307.6
  788.0   2134   14.2  -14.6     12   1.58    225      5  307.6  312.9  307.9
  759.9   2438   11.6  -16.8     12   1.36    225      6  308.0  312.6  308.2
  732.7   2743    9.0  -19.1     12   1.16    205     11  308.3  312.3  308.6
  729.0   2785    8.6  -19.4     12   1.14    206     11  308.4  312.3  308.6
  724.0   2842    8.2  -14.8     18   1.68    208     10  308.6  314.2  308.9
  700.0   3119    6.6  -19.4     14   1.18    215      8  309.8  313.8  310.0
  655.2   3658    3.2  -25.5     10   0.74    235     14  311.8  314.5  312.0
  650.0   3723    2.8  -26.2     10   0.70    234     14  312.1  314.6  312.2
  606.4   4267   -1.7  -29.4     10   0.56    230     16  313.1  315.1  313.2
  561.0   4877   -6.8  -33.0     10   0.43    225     16  314.2  315.8  314.3
  500.0   5780  -14.3  -38.3     11   0.28    240     17  315.5  316.6  315.6
  479.4   6096  -17.2  -38.3     14   0.29    245     13  315.8  316.9  315.8
  472.0   6212  -18.3  -38.3     16   0.30    241     13  315.8  316.9  315.9
  468.0   6275  -18.9  -35.9     21   0.38    239     12  315.9  317.3  315.9
  464.0   6339  -19.5  -29.5     41   0.72    237     12  315.9  318.5  316.0
  460.1   6401  -19.9  -26.4     56   0.96    235     12  316.1  319.6  316.3
  458.0   6435  -20.1  -24.8     66   1.12    234     14  316.3  320.2  316.5
  450.0   6565  -20.5  -23.8     75   1.25    230     21  317.4  321.8  317.6
  447.0   6614  -18.9  -21.3     81   1.57    228     23  320.0  325.5  320.3
  441.5   6706  -18.5  -20.5     85   1.71    225     28  321.6  327.6  322.0
  430.0   6903  -17.7  -18.7     92   2.04    231     42  325.1  332.3  325.5
  423.9   7010  -18.1  -19.0     93   2.02    235     49  325.9  333.0  326.3
  406.0   7330  -19.5  -19.9     97   1.95    235     50  328.2  335.1  328.6
  400.0   7440  -20.3  -21.5     90   1.73    235     51  328.5  334.7  328.9
  398.0   7477  -20.7  -22.5     85   1.59    236     51  328.5  334.2  328.8
  390.4   7620  -21.8  -23.2     88   1.51    240     49  328.9  334.4  329.2
  378.0   7858  -23.5  -24.5     91   1.40    242     50  329.6  334.8  329.9
  364.0   8133  -25.5  -30.0     66   0.88    245     51  330.6  333.8  330.7
  350.0   8418  -27.3  -33.3     57   0.66    248     52  331.9  334.4  332.0
  333.0   8775  -30.3  -38.3     46   0.42    251     53  332.5  334.2  332.6
  316.0   9144  -33.3  -39.6     53   0.39    255     54  333.3  334.9  333.4
  303.0   9441  -35.7  -40.7     60   0.36    255     57  334.0  335.4  334.1
  300.0   9510  -36.3  -41.3     60   0.34    255     58  334.1  335.5  334.2
  289.0   9769  -38.3  -44.3     53   0.26    255     62  334.8  335.9  334.9
  250.0  10750  -46.5  -51.5     57   0.13    255     76  336.8  337.4  336.8
  238.0  11075  -49.1  -54.1     56   0.10    254     80  337.6  338.1  337.7
  203.0  12097  -58.3  -64.3     46   0.03    250     91  338.8  339.0  338.9
  200.0  12190  -59.3  -65.3     46   0.03    250     92  338.7  338.8  338.7
  194.0  12380  -60.7  -67.7     39   0.02    248     94  339.4  339.5  339.4
  181.1  12802  -64.4  -69.8     47   0.02    245     97  340.2  340.2  340.2
  180.0  12839  -64.7  -70.0     48   0.02    245     97  340.2  340.3  340.2
  178.0  12908  -65.3  -70.3     50   0.02    244     96  340.3  340.4  340.4
  172.0  13115  -66.1  -70.8     52   0.02    240     93  342.4  342.4  342.4
  166.0  13330  -64.9  -70.9     43   0.02    244     92  347.9  347.9  347.9
  163.0  13441  -64.9  -73.9     28   0.01    246     91  349.7  349.7  349.7
  158.0  13632  -62.9  -74.9     18   0.01    249     91  356.2  356.2  356.2
  151.0  13909  -63.5  -78.5     11   0.01    254     89  359.8  359.8  359.8
  150.0  13950  -63.9  -79.9     10   0.00    255     89  359.8  359.8  359.8
  143.0  14242  -65.5  -82.5      8   0.00    255     91  362.0  362.0  362.0
  141.1  14326  -64.8  -82.3      7   0.00    255     92  364.6  364.6  364.6
  139.0  14415  -64.1  -82.1      7   0.00    256     86  367.4  367.4  367.4
  137.0  14505  -61.7  -80.7      6   0.00    258     80  373.1  373.1  373.1
  135.0  14596  -61.1  -81.1      5   0.00    259     74  375.8  375.8  375.8
  127.8  14935  -62.2  -83.3      4   0.00    265     52  379.7  379.8  379.8
  122.0  15222  -63.1  -85.1      4   0.00    256     57  383.1  383.2  383.1
  121.7  15240  -63.1  -85.2      4   0.00    255     57  383.4  383.4  383.4
  114.0  15639  -63.7  -86.7      3   0.00    255     59  389.5  389.5  389.5
  112.0  15748  -63.3  -86.3      3   0.00    255     59  392.2  392.3  392.2
  105.0  16143  -65.5  -87.5      3   0.00    255     61  395.4  395.4  395.4
  101.0  16379  -65.9  -87.9      3   0.00    255     62  399.0  399.0  399.0
  100.0  16440  -65.1  -88.1      3   0.00    255     62  401.7  401.7  401.7
   85.8  17374  -64.4  -88.1      3   0.00    245     36  421.1  421.1  421.1
   80.7  17749  -64.1  -88.1      2   0.00    260     36  429.1  429.1  429.1
   77.7  17983  -65.6  -89.1      2   0.00    270     36  430.8  430.8  430.8
   73.8  18292  -67.5  -90.5      3   0.00    265     31  433.1  433.1  433.1
   73.8  18288  -67.5  -90.5      3   0.00    265     31  433.0  433.0  433.0
   70.2  18593  -67.7  -90.7      3   0.00    250     33  438.9  438.9  438.9
   70.0  18610  -67.7  -90.7      3   0.00    250     33  439.2  439.2  439.2
   68.2  18766  -67.9  -89.9      3   0.00    255     36  442.1  442.1  442.1
   66.7  18898  -66.1  -88.7      3   0.00    260     39  448.7  448.7  448.7
   65.4  19020  -64.5  -87.5      3   0.00    268     36  454.8  454.8  454.8
   63.5  19202  -64.3  -87.6      3   0.00    280     31  459.2  459.2  459.2
   60.4  19507  -63.9  -87.9      3   0.00    270     26  466.6  466.6  466.6
   57.5  19812  -63.6  -88.1      2   0.00    290     21  474.1  474.1  474.1
   55.3  20045  -63.3  -88.3      2   0.00    271     17  479.9  479.9  479.9
   54.7  20117  -62.7  -88.0      2   0.00    265     16  482.8  482.8  482.8
   52.0  20422  -60.3  -86.5      2   0.00    295     21  495.3  495.3  495.3
   50.0  20670  -58.3  -85.3      2   0.01    285     16  505.7  505.7  505.7
   49.0  20797  -57.9  -84.9      2   0.01    273     13  509.5  509.6  509.5
   45.0  21336  -60.3  -86.7      2   0.00    220      2  516.5  516.5  516.5
   42.7  21659  -61.7  -87.7      2   0.00    202      2  520.6  520.6  520.6
   40.7  21958  -59.1  -86.1      2   0.01    186      2  534.3  534.3  534.3
   38.5  22308  -58.9  -86.9      2   0.01    166      3  543.3  543.4  543.4
   37.7  22440  -56.5  -84.5      2   0.01    159      3  552.7  552.8  552.7
   35.9  22753  -54.9  -83.9      2   0.01    142      3  564.7  564.7  564.7
   33.5  23194  -56.9  -85.9      1   0.01    118      3  570.6  570.7  570.7
   30.0  23900  -53.1  -83.1      1   0.01     80      4  599.3  599.4  599.3
   29.7  23965  -52.5  -82.5      2   0.01     72      5  602.6  602.8  602.6
   27.8  24384  -54.8  -84.8      1   0.01     20     11  607.7  607.8  607.7
   26.6  24671  -56.3  -86.3      1   0.01     26     11  611.2  611.3  611.2
   26.1  24792  -54.9  -85.9      1   0.01     28     11  618.5  618.6  618.5
   24.8  25118  -55.1  -87.1      1   0.01     34     11  627.0  627.1  627.0
   24.1  25302  -52.9  -85.9      1   0.01     38     11  638.5  638.7  638.6
   22.3  25801  -54.9  -86.9      1   0.01     47     11  646.9  647.0  647.0
   20.9  26213  -53.6  -85.6      1   0.01     55     11  662.8  663.0  662.8
   20.0  26500  -52.7  -84.7      1   0.02     75     11  674.1  674.3  674.1
   19.9  26518  -52.6  -84.7      1   0.02     90     12  674.9  675.1  674.9
   19.0  26822  -51.1  -84.7      1   0.02    100     16  688.7  688.9  688.7
   18.8  26901  -50.7  -84.7      1   0.02     96     15  692.4  692.5  692.4
   18.2  27127  -51.2  -84.6      1   0.02     85     11  697.7  697.9  697.7
   17.8  27256  -51.5  -84.5      1   0.02     96     10  700.7  700.9  700.7
   17.3  27432  -50.2  -83.9      1   0.02    110      8  710.2  710.5  710.2
   16.5  27751  -47.9  -82.9      1   0.03     71      5  727.7  728.0  727.7
   15.1  28346  -47.4  -82.4      1   0.03      0      0  748.4  748.7  748.4
   14.3  28696  -47.1  -82.1      1   0.03     23      3  760.8  761.1  760.8
   13.4  29128  -44.9  -79.9      1   0.05     51      8  782.6  783.2  782.6
   12.6  29566  -45.7  -80.7      1   0.05     80     12  794.7  795.3  794.8
   12.3  29698  -45.9  -80.9      1   0.05     89     15  798.5  799.0  798.5
   12.0  29870  -45.3  -80.3      1   0.05    100     19  806.5  807.2  806.6
   11.8  29975  -44.9  -79.9      1   0.06     97     18  811.5  812.2  811.5
   11.6  30089  -42.7  -78.7      1   0.07     93     16  823.4  824.2  823.4
   10.9  30512  -39.7  -76.7      1   0.10     78     12  849.0  850.3  849.1
   10.9  30480  -39.9  -76.8      1   0.10     80     12  847.1  848.4  847.1
   10.5  30766  -40.5  -77.5      1   0.09     66     12  855.2  856.4  855.3
   10.0  31100  -38.3  -75.3      1   0.14     50     12  875.4  877.2  875.5
    9.7  31309  -39.9  -76.9      1   0.11     42     12  877.1  878.5  877.1
    9.2  31673  -36.9  -74.9      1   0.16     29     11  901.9  904.0  902.0
    8.0  32642  -35.9  -73.9      1   0.22    353     10  942.6  945.5  942.7
    7.6  33001  -33.1  -72.1      1   0.30    339     10  967.8  971.9  968.0
    7.4  33188  -33.7  -72.7      1   0.28    332      9  972.8  976.6  972.9
    7.3  33284  -32.1  -71.1      1   0.36    329      9  983.1  988.0  983.3
    7.1  33480  -32.9  -71.9      1   0.33    322      9  987.6  992.2  987.8
    7.0  33580  -32.3  -71.3      1   0.36    315      9  994.1  999.2  994.3
    7.0  33528  -32.6  -71.6      1   0.34    320      9  990.7  995.6  990.9
    6.9  33682  -31.7  -71.7      1   0.35               1000.7 1005.6 1000.9
    6.8  33784  -33.3  -72.3      1   0.32                998.2 1002.8  998.4
Station information and sounding indices
                         Station identifier: TUS
                             Station number: 72274
                           Observation time: 200401/0000
                           Station latitude: 32.23
                          Station longitude: -110.96
                          Station elevation: 751.0
                            Showalter index: 6.23
                               Lifted index: 5.63
    LIFT computed using virtual temperature: 5.44
                                SWEAT index: 30.98
                                    K index: -1.70
                         Cross totals index: 6.30
                      Vertical totals index: 32.30
                        Totals totals index: 38.60
      Convective Available Potential Energy: 0.00
             CAPE using virtual temperature: 0.00
                      Convective Inhibition: 0.00
             CINS using virtual temperature: 0.00
                     Bulk Richardson Number: 0.00
          Bulk Richardson Number using CAPV: 0.00
  Temp [K] of the Lifted Condensation Level: 260.73
Pres [hPa] of the Lifted Condensation Level: 573.65
     Mean mixed layer potential temperature: 305.61
              Mean mixed layer mixing ratio: 2.59
              1000 hPa to 500 hPa thickness: 5694.00
Precipitable water [mm] for entire sounding: 7.91

72274 TUS Tucson Observations at 12Z 01 Apr 2020

-----------------------------------------------------------------------------
   PRES   HGHT   TEMP   DWPT   RELH   MIXR   DRCT   SKNT   THTA   THTE   THTV
    hPa     m      C      C      %    g/kg    deg   knot     K      K      K 
-----------------------------------------------------------------------------
 1000.0     65                                                               
  925.0    747                                                               
  924.0    751   16.2    0.2     34   4.22      0      0  296.0  308.7  296.7
  913.0    853   16.2    0.2     34   4.27    357      1  297.0  309.9  297.7
  906.0    919   18.6    0.6     30   4.43    355      1  300.1  313.7  300.9
  873.0   1238   17.0   -2.0     27   3.80    346      2  301.6  313.4  302.3
  861.0   1357   17.2   -4.8     22   3.12    343      3  303.0  312.9  303.6
  850.0   1467   16.4   -5.6     22   2.98    340      4  303.3  312.8  303.9
  780.0   2189   10.6   -9.4     24   2.42    320      7  304.6  312.4  305.1
  760.0   2405   10.0  -20.0     10   1.03    313      9  306.2  309.8  306.4
  700.0   3082    5.6  -20.4     13   1.08    294     12  308.6  312.4  308.9
  670.0   3438    2.8  -18.2     20   1.37    283     14  309.4  314.1  309.7
  653.0   3645    0.8  -14.2     32   1.96    277     15  309.4  315.9  309.8
  629.0   3945   -1.9  -14.9     36   1.92    268     17  309.7  316.1  310.0
  613.0   4149   -3.7  -18.7     30   1.43    262     18  309.9  314.7  310.2
  595.0   4384   -5.7  -15.7     45   1.90    255     19  310.2  316.6  310.6
  572.0   4691   -8.7  -17.7     48   1.67    246     21  310.2  315.8  310.5
  559.0   4869  -10.3  -15.2     67   2.11    240     22  310.4  317.4  310.8
  558.4   4877  -10.4  -15.2     68   2.11    240     22  310.4  317.4  310.8
  536.6   5182  -13.2  -15.8     81   2.09    245     18  310.5  317.5  310.9
  533.0   5234  -13.7  -15.9     83   2.09    245     19  310.6  317.5  310.9
  525.0   5349  -14.3  -16.2     85   2.07    245     22  311.2  318.1  311.6
  517.0   5466  -13.7  -15.2     88   2.28    245     25  313.3  320.9  313.7
  504.0   5659  -14.1  -15.5     89   2.28    245     30  315.1  322.7  315.5
  500.0   5720  -14.5  -15.8     90   2.24    245     32  315.3  322.9  315.7
  486.0   5935  -15.5  -15.8     98   2.31    245     42  316.6  324.4  317.1
  475.7   6096  -16.3  -16.7     96   2.19    245     49  317.6  325.1  318.1
  470.0   6187  -16.7  -17.2     96   2.12    245     48  318.2  325.4  318.6
  462.0   6316  -17.5  -18.6     91   1.92    246     47  318.8  325.4  319.1
  434.0   6781  -21.3  -21.5     98   1.59    249     42  319.7  325.2  320.0
  425.0   6935  -22.1  -24.7     79   1.22    250     40  320.6  324.9  320.8
  422.0   6987  -22.3  -28.3     58   0.89    250     39  321.0  324.2  321.1
  420.7   7010  -22.2  -31.7     42   0.65    250     39  321.4  323.8  321.5
  419.0   7040  -22.1  -36.1     27   0.42    250     40  321.9  323.5  322.0
  417.0   7075  -22.3  -35.3     30   0.46    250     42  322.1  323.8  322.2
  414.0   7128  -22.3  -43.3     13   0.20    250     45  322.7  323.5  322.8
  407.0   7253  -22.9  -48.9      7   0.11    250     51  323.5  324.0  323.6
  400.0   7380  -23.7  -48.7      8   0.11    250     57  324.1  324.6  324.1
  386.9   7620  -25.9  -47.8     11   0.13    250     62  324.3  324.8  324.3
  379.0   7770  -27.3  -47.3     13   0.14    248     65  324.4  325.0  324.4
  370.7   7925  -28.7  -47.0     16   0.15    245     69  324.6  325.2  324.6
  326.0   8829  -36.9  -44.9     43   0.22    245     68  325.4  326.3  325.5
  323.0   8893  -36.3  -50.3     22   0.12    245     68  327.1  327.6  327.1
  316.0   9044  -37.5  -59.5      8   0.04    245     67  327.5  327.7  327.5
  303.0   9332  -39.3  -65.3      5   0.02    245     67  328.9  329.0  328.9
  300.0   9400  -39.7  -66.7      4   0.02    245     67  329.3  329.4  329.3
  272.0  10058  -45.3  -66.7      7   0.02    245     67  330.6  330.7  330.6
  256.0  10464  -48.7  -66.7     11   0.02    245     80  331.3  331.4  331.3
  250.0  10620  -49.3  -65.3     14   0.02    245     85  332.6  332.8  332.6
  248.2  10668  -49.6  -65.6     14   0.02    245     93  332.9  333.0  332.9
  236.0  10997  -51.5  -67.5     13   0.02    246     94  334.8  334.9  334.8
  219.0  11480  -55.1  -70.1     14   0.01    247     94  336.5  336.6  336.5
  200.0  12060  -56.5  -72.5     12   0.01    249     95  343.1  343.2  343.1
  193.0  12285  -58.1  -74.1     11   0.01    250     96  344.1  344.1  344.1
  190.0  12383  -58.0  -74.8     10   0.01    250     96  345.8  345.9  345.8
  186.6  12497  -57.9  -75.5      9   0.01    250     96  347.8  347.9  347.8
  178.0  12793  -57.5  -77.5      6   0.01    250     88  353.1  353.1  353.1
  172.0  13009  -58.7  -79.7      5   0.00    250     83  354.6  354.6  354.6
  168.0  13157  -57.1  -80.1      4   0.00    250     79  359.7  359.7  359.7
  156.0  13624  -57.7  -83.7      2   0.00    250     66  366.3  366.4  366.3
  153.7  13716  -58.0  -84.4      2   0.00    250     64  367.4  367.4  367.4
  150.0  13870  -58.5  -85.5      2   0.00    250     64  369.1  369.1  369.1
  140.0  14302  -60.1  -87.1      2   0.00    248     64  373.6  373.6  373.6
  135.0  14529  -59.5  -86.5      2   0.00    248     64  378.6  378.6  378.6
  132.0  14670  -57.5  -86.5      1   0.00    247     64  384.6  384.6  384.6
  120.4  15240  -61.2  -88.5      2   0.00    245     64  388.1  388.1  388.1
  114.7  15545  -63.2  -89.6      2   0.00    250     70  389.9  389.9  389.9
  112.0  15691  -64.1  -90.1      2   0.00    250     66  390.8  390.8  390.8
  108.0  15915  -61.3  -88.3      2   0.00    256     59  400.1  400.1  400.1
  100.0  16390  -63.3  -90.3      1   0.00    270     44  405.2  405.2  405.2
   97.0  16577  -64.5  -90.5      2   0.00    270     45  406.4  406.4  406.4
   87.8  17189  -63.7  -89.7      2   0.00    270     47  419.7  419.7  419.7
   79.9  17764  -66.5  -91.5      2   0.00    270     48  425.4  425.4  425.4
   75.4  18118  -64.7  -89.7      2   0.00    270     49  436.3  436.3  436.3
   73.3  18288  -65.8  -90.8      2   0.00    270     50  437.5  437.5  437.5
   72.0  18399  -66.5  -91.5      2   0.00    272     45  438.2  438.2  438.2
   70.0  18570  -65.7  -90.7      2   0.00    275     37  443.5  443.5  443.5
   67.8  18765  -63.9  -89.9      2   0.00    272     33  451.4  451.4  451.4
   63.7  19147  -64.3  -90.3      2   0.00    266     25  458.7  458.7  458.7
   63.1  19202  -64.1  -90.3      2   0.00    265     24  460.3  460.3  460.3
   57.6  19766  -61.9  -89.9      1   0.00    253     20  477.5  477.5  477.5
   54.4  20117  -62.1  -90.1      1   0.00    245     17  484.8  484.8  484.8
   51.8  20422  -62.4  -90.3      1   0.00    270     15  491.1  491.2  491.1
   50.0  20640  -62.5  -90.5      1   0.00    250     17  495.8  495.8  495.8
   49.4  20714  -62.5  -90.5      1   0.00    250     19  497.5  497.5  497.5
   49.3  20726  -62.4  -90.5      1   0.00    250     19  497.9  497.9  497.9
   46.0  21156  -60.3  -89.3      1   0.00    257     18  513.0  513.0  513.0
   45.2  21266  -58.3  -88.3      1   0.00    259     17  520.5  520.5  520.5
   44.7  21336  -58.5  -88.5      1   0.00    260     17  521.7  521.7  521.7
   43.4  21521  -58.9  -88.9      1   0.00    278     14  525.1  525.1  525.1
   42.6  21641  -58.0  -88.8      1   0.00    290     12  530.2  530.2  530.2
   41.3  21834  -56.5  -88.5      1   0.00    262      7  538.5  538.5  538.5
   40.6  21946  -57.0  -88.7      1   0.00    245      4  540.0  540.0  540.0
   36.7  22576  -59.9  -89.9      1   0.00    222      8  548.3  548.3  548.3
   33.9  23075  -56.7  -88.7      1   0.00    203     11  569.2  569.3  569.2
   30.0  23850  -56.3  -88.3      1   0.01    175     15  590.6  590.6  590.6
   29.6  23935  -56.7  -88.7      1   0.01    183     13  591.7  591.8  591.7
   27.8  24336  -53.3  -86.3      1   0.01    221      4  611.9  612.0  611.9
   27.6  24384  -53.6  -86.4      1   0.01    225      3  612.3  612.4  612.3
   26.9  24547  -54.7  -86.7      1   0.01    214      4  613.8  613.8  613.8
   25.1  24991  -53.1  -86.1      1   0.01    182      5  630.6  630.7  630.6
   24.2  25226  -54.3  -87.3      1   0.01    166      6  633.7  633.8  633.8
   23.6  25387  -52.3  -85.3      1   0.01    155      7  644.1  644.3  644.1
   20.3  26363  -51.3  -84.3      1   0.02     87     11  675.5  675.7  675.5
   20.0  26460  -51.5  -84.5      1   0.02     80     11  677.8  677.9  677.8
   19.1  26758  -52.7  -85.7      1   0.01     75     10  683.0  683.2  683.0
   17.6  27289  -49.7  -83.7      1   0.02     67      8  708.7  708.9  708.7
   17.2  27432  -49.5  -83.5      1   0.02     65      7  713.9  714.2  713.9
   15.6  28081  -48.3  -82.3      1   0.03     54      8  738.1  738.5  738.2
   14.7  28471  -49.7  -83.7      1   0.02     48      8  746.1  746.4  746.1
   14.2  28698  -47.3  -82.3      1   0.03     44      8  761.6  762.0  761.6
   13.2  29180  -48.5  -82.5      1   0.03     36      9  773.5  773.9  773.6
   12.4  29593  -46.7  -81.7      1   0.04                793.8  794.3  793.8
   12.4  29566  -46.8  -81.8      1   0.04     30      9  792.5  793.0  792.5
Station information and sounding indices
                         Station identifier: TUS
                             Station number: 72274
                           Observation time: 200401/1200
                           Station latitude: 32.23
                          Station longitude: -110.96
                          Station elevation: 751.0
                            Showalter index: 6.16
                               Lifted index: 6.39
    LIFT computed using virtual temperature: 6.52
                                SWEAT index: 39.29
                                    K index: -0.70
                         Cross totals index: 8.90
                      Vertical totals index: 30.90
                        Totals totals index: 39.80
      Convective Available Potential Energy: 0.00
             CAPE using virtual temperature: 0.00
                      Convective Inhibition: 0.00
             CINS using virtual temperature: 0.00
                     Bulk Richardson Number: 0.00
          Bulk Richardson Number using CAPV: 0.00
  Temp [K] of the Lifted Condensation Level: 269.10
Pres [hPa] of the Lifted Condensation Level: 686.59
     Mean mixed layer potential temperature: 299.65
              Mean mixed layer mixing ratio: 4.17
              1000 hPa to 500 hPa thickness: 5655.00
Precipitable water [mm] for entire sounding: 11.28

72274 TUS Tucson Observations at 00Z 02 Apr 2020

-----------------------------------------------------------------------------
   PRES   HGHT   TEMP   DWPT   RELH   MIXR   DRCT   SKNT   THTA   THTE   THTV
    hPa     m      C      C      %    g/kg    deg   knot     K      K      K 
-----------------------------------------------------------------------------
 1000.0     34                                                               
  925.0    719                                                               
  922.0    751   28.6   -6.4     10   2.58     35      5  308.8  317.3  309.3
  913.0    837   26.4   -5.6     12   2.77    343     11  307.4  316.4  308.0
  904.9    914   25.6   -5.8     12   2.76    295     17  307.4  316.4  307.9
  873.6   1219   22.6   -6.3     14   2.74    290     19  307.4  316.2  307.9
  850.0   1456   20.2   -6.8     16   2.71    285     18  307.3  316.1  307.8
  813.4   1829   16.6   -7.4     19   2.71    275     16  307.4  316.1  307.9
  784.7   2134   13.7   -7.9     22   2.70    270     18  307.4  316.1  307.9
  767.0   2327   11.8   -8.2     24   2.70    251     17  307.4  316.1  307.9
  756.7   2438   10.8   -8.5     25   2.67    240     17  307.4  316.1  307.9
  729.3   2743    7.9   -9.3     28   2.60    240     17  307.6  316.1  308.1
  700.0   3081    4.8  -10.2     33   2.53    230     20  307.8  316.0  308.2
  676.7   3353    2.1  -10.9     38   2.48    215     21  307.8  315.8  308.2
  651.5   3658   -0.9  -11.6     44   2.42    215     20  307.8  315.6  308.2
  643.0   3764   -1.9  -11.9     46   2.40    220     21  307.7  315.6  308.2
  625.0   3989   -3.5  -15.5     39   1.84    231     22  308.4  314.5  308.8
  606.0   4232   -5.3  -13.3     53   2.27    243     24  309.1  316.5  309.5
  603.3   4267   -5.6  -14.2     51   2.13    245     24  309.1  316.1  309.5
  601.0   4297   -5.9  -14.9     49   2.01    246     24  309.1  315.8  309.5
  577.0   4614   -8.9  -15.9     57   1.93    253     23  309.2  315.6  309.6
  567.0   4749   -9.7  -14.1     70   2.28    257     23  309.8  317.3  310.2
  557.6   4877  -10.1  -16.2     61   1.94    260     23  310.8  317.3  311.2
  553.0   4941  -10.3  -17.3     57   1.79    258     23  311.3  317.3  311.7
  537.0   5166  -12.1  -18.1     61   1.72    251     25  311.8  317.6  312.1
  535.9   5182  -12.2  -18.0     62   1.74    250     25  311.9  317.7  312.2
  526.0   5324  -13.1  -17.1     72   1.91    250     29  312.4  318.9  312.8
  523.0   5368  -12.7  -20.7     51   1.41    250     30  313.4  318.3  313.7
  518.0   5441  -12.5  -24.5     36   1.02    250     32  314.5  318.1  314.7
  502.0   5680  -13.5  -30.5     22   0.61    250     38  316.2  318.4  316.3
  500.0   5710  -13.7  -30.7     22   0.60    250     39  316.3  318.4  316.4
  487.0   5910  -15.1  -31.1     24   0.59    253     43  316.9  319.1  317.1
  478.0   6051  -15.9  -39.9     11   0.25    254     45  317.6  318.6  317.7
  475.1   6096  -16.2  -41.1     10   0.22    255     46  317.8  318.6  317.8
  468.0   6210  -17.1  -44.1      8   0.16    255     48  318.1  318.7  318.1
  437.0   6721  -20.1  -51.1      4   0.08    255     56  320.6  320.9  320.6
  420.2   7010  -22.7  -42.1     15   0.23    255     60  320.8  321.7  320.9
  414.0   7120  -23.7  -38.7     24   0.33    255     60  320.9  322.2  321.0
  400.0   7370  -25.9  -42.9     19   0.22    255     59  321.2  322.1  321.3
  386.3   7620  -28.1  -46.7     15   0.15    255     56  321.6  322.2  321.6
  375.0   7833  -29.9  -49.9     12   0.11    254     58  321.9  322.4  321.9
  349.0   8340  -34.3  -49.3     20   0.12    253     62  322.7  323.2  322.7
  346.0   8401  -34.9  -43.9     39   0.23    252     62  322.6  323.5  322.7
  342.0   8482  -35.5  -49.5     22   0.12    252     63  322.9  323.4  322.9
  329.0   8750  -37.7  -47.7     34   0.16    251     65  323.5  324.1  323.5
  320.0   8940  -39.3  -47.3     42   0.17    251     66  323.8  324.5  323.9
  310.6   9144  -40.2  -59.9     10   0.04    250     68  325.3  325.5  325.3
  308.0   9201  -40.5  -63.5      7   0.02    250     68  325.7  325.8  325.7
  300.0   9380  -41.9  -64.9      6   0.02    250     67  326.2  326.3  326.2
  297.0   9449  -42.4  -64.6      7   0.02    250     68  326.5  326.6  326.5
  296.0   9471  -42.5  -64.5      7   0.02    250     69  326.6  326.7  326.6
  276.0   9942  -44.9  -66.9      7   0.02    250     83  329.7  329.8  329.7
  270.0  10089  -44.9  -66.9      7   0.02    250     88  331.8  331.9  331.8
  250.0  10600  -48.1  -67.1      9   0.02    250    104  334.4  334.5  334.4
  238.0  10919  -50.5  -68.2     11   0.02    250    114  335.5  335.6  335.5
  236.0  10973  -50.9  -68.4     11   0.02    250    114  335.7  335.8  335.7
  215.0  11579  -55.5  -70.5     14   0.01    253    110  337.7  337.7  337.7
  205.0  11883  -56.3  -72.3     12   0.01    254    108  341.0  341.1  341.0
  201.0  12008  -55.5  -73.5      9   0.01    255    107  344.2  344.3  344.2
  200.0  12040  -55.9  -73.9      9   0.01    255    107  344.1  344.1  344.1
  195.2  12192  -56.6  -74.8      8   0.01    255    108  345.3  345.4  345.3
  175.0  12882  -59.9  -78.9      7   0.00    255     96  350.9  350.9  350.9
  170.0  13065  -56.3  -80.3      3   0.00    256     90  359.8  359.8  359.8
  167.0  13178  -57.1  -83.1      2   0.00    257     87  360.3  360.3  360.3
  153.4  13716  -55.6  -85.0      1   0.00    260     71  371.7  371.7  371.7
  151.0  13818  -55.3  -85.3      1   0.00    260     71  373.9  373.9  373.9
  150.0  13860  -55.5  -85.5      1   0.00    260     71  374.2  374.3  374.2
  146.0  14032  -56.3  -86.3      1   0.00    259     70  375.8  375.8  375.8
  144.0  14119  -55.9  -86.9      1   0.00    259     70  377.9  377.9  377.9
  138.0  14388  -58.1  -88.1      1   0.00    258     69  378.7  378.7  378.7
  135.0  14526  -57.7  -87.7      1   0.00    258     69  381.8  381.8  381.8
  129.0  14811  -60.5  -89.5      1   0.00    257     68  381.8  381.8  381.8
  121.0  15208  -60.9  -89.9      1   0.00    255     66  388.1  388.1  388.1
  120.4  15240  -60.8  -89.8      1   0.00    255     66  388.8  388.8  388.8
  117.0  15417  -60.3  -89.3      1   0.00    257     66  392.9  392.9  392.9
  113.0  15633  -60.9  -89.9      1   0.00    258     66  395.7  395.7  395.7
  112.0  15689  -60.3  -89.3      1   0.00    259     66  397.9  397.9  397.9
  108.0  15914  -61.7  -89.7      1   0.00    261     65  399.4  399.4  399.4
  100.0  16390  -61.5  -89.5      1   0.00    265     65  408.6  408.6  408.6
   97.0  16580  -59.3  -89.3      1   0.00    262     56  416.5  416.5  416.5
   94.2  16764  -60.1  -89.7      1   0.00    260     47  418.4  418.4  418.4
   83.7  17494  -63.5  -91.5      1   0.00    260     53  425.9  425.9  425.9
   81.2  17678  -63.2  -91.2      1   0.00    260     54  430.1  430.1  430.1
   77.9  17935  -62.9  -90.9      1   0.00    262     44  435.9  436.0  435.9
   73.5  18288  -63.9  -91.3      1   0.00    265     30  441.1  441.2  441.1
   70.0  18590  -64.7  -91.7      1   0.00    250     37  445.6  445.6  445.6
   66.6  18898  -65.3  -91.9      1   0.00    250     51  450.8  450.8  450.8
   63.3  19202  -65.9  -92.2      2   0.00    270     48  455.9  455.9  455.9
   61.4  19390  -66.3  -92.3      2   0.00    261     44  459.1  459.1  459.1
   60.2  19507  -63.9  -91.2      1   0.00    255     42  467.0  467.0  467.0
   59.6  19573  -62.5  -90.5      1   0.00    258     42  471.5  471.5  471.5
   57.3  19812  -62.9  -90.8      1   0.00    270     42  475.9  476.0  475.9
   55.8  19980  -63.1  -91.1      1   0.00    262     33  479.1  479.1  479.1
   54.8  20092  -61.5  -90.5      1   0.00    256     26  485.2  485.3  485.2
   54.6  20117  -60.3  -90.0      1   0.00    255     25  488.6  488.6  488.6
   54.2  20161  -58.1  -89.1      1   0.00    262     23  494.6  494.6  494.6
   53.3  20267  -57.5  -88.5      1   0.00    280     17  498.4  498.4  498.4
   52.0  20422  -58.6  -89.2      1   0.00    305      8  499.4  499.4  499.4
   50.0  20670  -60.3  -90.3      1   0.00     45      6  500.9  501.0  500.9
   47.2  21031  -63.2  -92.3      1   0.00      0      0  502.4  502.4  502.4
   47.1  21039  -63.3  -92.3      1   0.00    357      0  502.4  502.4  502.4
   44.9  21336  -60.8  -90.7      1   0.00    260     12  515.3  515.4  515.3
   44.6  21376  -60.5  -90.5      1   0.00    258     12  517.1  517.1  517.1
   41.3  21853  -60.5  -90.5      1   0.00    230     13  528.6  528.6  528.6
   40.1  22038  -57.7  -88.7      1   0.00    219     13  540.1  540.1  540.1
   37.2  22511  -57.1  -89.1      1   0.00    192     14  553.3  553.4  553.3
   35.2  22861  -55.7  -87.7      1   0.01    172     15  565.8  565.8  565.8
   34.2  23045  -53.3  -86.3      1   0.01    161     16  576.7  576.8  576.7
   31.7  23534  -52.1  -85.1      1   0.01    134     17  592.6  592.7  592.6
   30.5  23774  -52.4  -85.4      1   0.01    120     17  598.2  598.3  598.2
   30.0  23890  -52.5  -85.5      1   0.01    120     15  600.9  601.0  600.9
   27.8  24384  -53.0  -85.5      1   0.01    135     13  612.8  612.9  612.8
   25.7  24887  -53.5  -85.5      1   0.01     96     11  625.2  625.3  625.2
   24.0  25329  -51.5  -84.5      1   0.01     61     10  643.4  643.5  643.4
   21.2  26132  -52.3  -85.3      1   0.01    359      7  664.2  664.3  664.2
   20.0  26510  -51.3  -85.3      1   0.01    330      6  678.4  678.5  678.4
   19.1  26810  -49.5  -83.5      1   0.02    337      9  693.0  693.2  693.0
   17.4  27432  -50.3  -84.3      1   0.02    350     14  709.5  709.7  709.5
   16.6  27727  -50.7  -84.7      1   0.02    351     13  717.4  717.6  717.4
   15.3  28261  -48.1  -82.1      1   0.03    353     12  742.9  743.3  742.9
   14.8  28480  -48.7  -82.7      1   0.03    353     11  748.0  748.3  748.0
   11.5  30160  -42.9  -78.9      1   0.07    359      6  824.7  825.5  824.7
   11.0  30480  -43.3  -79.3      1   0.07      0      5  834.4  835.2  834.5
   10.3  30901  -43.9  -79.9      1   0.07     31      3  847.4  848.2  847.4
   10.0  31100  -42.7  -78.7      1   0.08     45      2  859.0  860.1  859.1
    9.2  31699  -40.3  -76.9      1   0.12    100      4  890.1  891.6  890.2
    8.7  32047  -38.9  -75.9      1   0.15                908.6  910.6  908.7
Station information and sounding indices
                         Station identifier: TUS
                             Station number: 72274
                           Observation time: 200402/0000
                           Station latitude: 32.23
                          Station longitude: -110.96
                          Station elevation: 751.0
                            Showalter index: 4.98
                               Lifted index: 4.80
    LIFT computed using virtual temperature: 4.62
                                SWEAT index: 75.02
                                    K index: 12.10
                         Cross totals index: 6.90
                      Vertical totals index: 33.90
                        Totals totals index: 40.80
      Convective Available Potential Energy: 0.00
             CAPE using virtual temperature: 0.00
                      Convective Inhibition: 0.00
             CINS using virtual temperature: 0.00
                     Bulk Richardson Number: 0.00
          Bulk Richardson Number using CAPV: 0.00
  Temp [K] of the Lifted Condensation Level: 261.22
Pres [hPa] of the Lifted Condensation Level: 564.93
     Mean mixed layer potential temperature: 307.53
              Mean mixed layer mixing ratio: 2.74
              1000 hPa to 500 hPa thickness: 5676.00
Precipitable water [mm] for entire sounding: 10.56

72274 TUS Tucson Observations at 12Z 02 Apr 2020

-----------------------------------------------------------------------------
   PRES   HGHT   TEMP   DWPT   RELH   MIXR   DRCT   SKNT   THTA   THTE   THTV
    hPa     m      C      C      %    g/kg    deg   knot     K      K      K 
-----------------------------------------------------------------------------
 1000.0     65                                                               
  925.0    751   16.8   -4.2     23   3.04    140      3  296.5  305.9  297.0
  922.0    779   16.4   -3.6     25   3.19    140      4  296.4  306.1  296.9
  916.0    834   19.0   -3.0     22   3.36    140      7  299.6  310.0  300.2
  907.5    914   18.3   -3.4     23   3.30    140     11  299.7  309.9  300.3
  889.0   1089   16.8   -4.2     23   3.16    169     16  299.9  309.7  300.4
  875.5   1219   16.1   -4.9     23   3.05    190     20  300.5  310.0  301.0
  850.0   1469   14.8   -6.2     23   2.84    200     17  301.6  310.6  302.2
  814.4   1829   12.6   -9.1     21   2.36    230     17  303.1  310.6  303.5
  804.0   1937   12.0  -10.0     20   2.23    232     18  303.5  310.7  303.9
  785.0   2134   10.4   -9.7     23   2.34    235     20  303.9  311.4  304.3
  756.5   2438    7.9   -9.3     28   2.50    245     20  304.4  312.4  304.9
  729.0   2743    5.5   -8.9     35   2.68    260     11  304.9  313.5  305.4
  707.0   2995    3.4   -8.6     41   2.84    256     15  305.4  314.4  305.9
  700.0   3076    2.8  -10.2     38   2.53    255     16  305.6  313.7  306.0
  676.3   3353    0.8  -14.0     32   1.93    265     21  306.4  312.7  306.7
  661.0   3537   -0.5  -16.5     29   1.60    265     23  306.9  312.2  307.2
  651.0   3658   -1.4  -16.8     30   1.58    265     25  307.2  312.4  307.5
  613.0   4134   -5.1  -18.1     35   1.51    261     25  308.3  313.3  308.6
  602.6   4267   -6.2  -18.1     39   1.53    260     25  308.5  313.6  308.8
  586.0   4485   -8.1  -18.1     44   1.58    262     28  308.8  314.1  309.1
  558.0   4864   -9.9  -24.9     28   0.91    265     34  311.0  314.2  311.2
  557.0   4877  -10.0  -24.8     29   0.92    265     34  311.0  314.2  311.2
  549.0   4989  -11.1  -24.1     33   1.00    265     34  311.0  314.5  311.2
  542.0   5087  -11.5  -28.5     23   0.68    265     34  311.7  314.1  311.8
  533.0   5215  -12.5  -27.5     27   0.75    265     34  312.0  314.7  312.1
  515.0   5477  -14.3  -32.3     20   0.50    265     33  312.9  314.7  313.0
  500.0   5700  -15.5  -33.5     20   0.46    265     33  314.1  315.8  314.2
  492.0   5821  -15.9  -35.9     16   0.36    267     33  315.0  316.4  315.1
  486.0   5914  -16.3  -33.3     22   0.48    268     32  315.6  317.4  315.8
  478.0   6038  -16.3  -36.3     16   0.36    269     32  317.2  318.5  317.2
  474.3   6096  -16.8  -36.6     16   0.35    270     32  317.2  318.6  317.3
  462.0   6293  -18.5  -37.5     17   0.33    268     32  317.5  318.8  317.6
  449.0   6505  -19.3  -43.3     10   0.19    267     33  319.1  319.8  319.1
  402.0   7314  -26.9  -44.9     17   0.17    260     35  319.5  320.2  319.5
  400.0   7350  -27.3  -45.3     16   0.17    260     35  319.4  320.1  319.5
  385.0   7620  -29.5  -48.2     15   0.13    260     36  320.0  320.5  320.1
  340.0   8499  -36.7  -57.7     10   0.05    260     39  321.8  322.0  321.8
  338.3   8534  -36.8  -58.1      9   0.04    260     39  322.1  322.3  322.1
  309.6   9144  -39.2  -65.5      4   0.02    260     57  327.0  327.1  327.0
  300.0   9360  -40.1  -68.1      3   0.01    260     67  328.7  328.8  328.7
  288.0   9637  -41.3  -70.3      3   0.01    256     77  330.9  330.9  330.9
  283.1   9754  -42.3  -69.9      3   0.01    255     81  331.1  331.1  331.1
  271.0  10046  -44.9  -68.9      5   0.01    255     82  331.4  331.5  331.4
  250.0  10580  -48.7  -68.7      8   0.01    255     85  333.5  333.6  333.5
  234.0  11011  -52.3  -68.3     13   0.02    257     89  334.4  334.5  334.4
  219.0  11439  -52.5  -72.5      7   0.01    259     93  340.5  340.6  340.5
  209.0  11739  -54.9  -74.9      7   0.01    260     96  341.4  341.4  341.4
  204.2  11887  -55.4  -74.9      7   0.01    260     96  342.8  342.8  342.8
  200.0  12020  -55.9  -74.9      8   0.01    260     91  344.1  344.1  344.1
  197.0  12116  -56.5  -76.5      6   0.01    260     88  344.6  344.6  344.6
  191.0  12313  -55.7  -76.7      6   0.01    260     86  349.0  349.0  349.0
  183.0  12585  -57.1  -80.1      4   0.00    260     83  351.0  351.0  351.0
  177.0  12796  -57.1  -82.1      3   0.00    260     81  354.3  354.4  354.3
  173.0  12942  -55.3  -81.3      3   0.00    260     80  359.6  359.6  359.6
  169.0  13091  -55.9  -83.9      2   0.00    260     78  361.1  361.1  361.1
  164.0  13283  -54.9  -84.9      1   0.00    260     76  365.8  365.8  365.8
  153.2  13716  -57.3  -87.3      1   0.00    260     72  368.9  368.9  368.9
  150.0  13850  -58.1  -88.1      1   0.00    260     74  369.8  369.8  369.8
  148.0  13934  -58.7  -88.7      1   0.00    260     75  370.2  370.2  370.2
  144.0  14106  -58.5  -88.5      1   0.00    260     77  373.4  373.4  373.4
  137.0  14418  -59.5  -88.5      1   0.00    260     81  377.0  377.0  377.0
  132.4  14630  -58.8  -88.5      1   0.00    260     83  382.0  382.0  382.0
  131.0  14699  -58.5  -88.5      1   0.00    260     82  383.6  383.7  383.6
  124.0  15042  -60.3  -90.3      1   0.00    260     74  386.4  386.5  386.4
  121.0  15195  -59.3  -89.3      1   0.00    260     71  391.0  391.0  391.0
  120.1  15240  -59.5  -89.4      1   0.00    260     70  391.5  391.5  391.5
  114.4  15545  -60.5  -90.0      1   0.00    260     74  395.1  395.1  395.1
  109.0  15845  -61.5  -90.5      1   0.00    258     65  398.7  398.7  398.7
  105.0  16077  -60.3  -89.3      1   0.00    257     59  405.3  405.3  405.3
  100.0  16380  -60.9  -89.9      1   0.00    255     50  409.8  409.8  409.8
   94.0  16764  -62.6  -90.7      1   0.00    250     40  413.9  413.9  413.9
   86.1  17303  -64.9  -91.9      1   0.00    250     46  419.6  419.6  419.6
   82.4  17572  -64.7  -91.7      1   0.00    249     48  425.3  425.4  425.3
   78.4  17878  -62.5  -90.5      1   0.00    247     51  436.0  436.0  436.0
   73.3  18288  -65.6  -92.2      1   0.00    245     55  437.9  437.9  437.9
   71.3  18459  -66.9  -92.9      1   0.00    251     56  438.6  438.6  438.6
   70.0  18570  -66.9  -92.9      1   0.00    255     56  440.9  440.9  440.9
   69.7  18593  -67.0  -93.0      1   0.00    250     56  441.3  441.3  441.3
   67.8  18763  -67.3  -93.3      1   0.00    258     52  444.1  444.1  444.1
   66.3  18898  -65.4  -92.2      1   0.00    265     48  451.0  451.1  451.0
   65.9  18935  -64.9  -91.9      1   0.00    264     48  452.9  453.0  452.9
   60.0  19507  -64.1  -91.1      1   0.00    255     42  466.9  467.0  466.9
   58.4  19674  -63.9  -90.9      1   0.00    250     27  471.1  471.1  471.1
   57.1  19812  -61.5  -90.2      1   0.00    245     15  479.6  479.6  479.6
   56.9  19834  -61.1  -90.1      1   0.00    246     14  481.0  481.0  481.0
   54.4  20117  -62.4  -91.0      1   0.00    260      8  484.3  484.4  484.3
   51.7  20422  -63.8  -92.0      1   0.00    305     21  488.0  488.0  488.0
   50.1  20618  -64.7  -92.7      1   0.00    296     20  490.3  490.3  490.3
   50.0  20630  -64.7  -92.7      1   0.00    295     20  490.6  490.6  490.6
   49.2  20726  -62.6  -91.7      1   0.00    280     19  497.6  497.6  497.6
   48.5  20817  -60.7  -90.7      1   0.00    292     16  504.4  504.4  504.4
   46.4  21094  -57.7  -89.7      1   0.00    328      8  518.0  518.0  518.0
   44.6  21336  -58.7  -90.3      1   0.00      0      0  521.4  521.4  521.4
   42.2  21689  -60.1  -91.1      1   0.00    340      6  526.3  526.3  526.3
   40.5  21946  -59.0  -90.4      1   0.00    325     10  535.4  535.4  535.4
   38.4  22280  -57.5  -89.5      1   0.00    335      9  547.3  547.3  547.3
   37.3  22465  -54.9  -86.9      1   0.01    341      8  558.5  558.6  558.5
   32.6  23320  -57.1  -89.1      1   0.00      6      4  574.6  574.6  574.6
   30.4  23774  -53.7  -86.5      1   0.01     20      2  595.7  595.8  595.7
   30.0  23850  -53.1  -86.1      1   0.01     20      2  599.3  599.4  599.3
   29.4  23981  -52.3  -85.3      1   0.01     27      4  604.9  605.0  604.9
   27.6  24384  -53.8  -86.8      1   0.01     50     11  611.6  611.7  611.6
   27.3  24459  -54.1  -87.1      1   0.01     46     11  612.9  612.9  612.9
   26.3  24689  -53.1  -86.1      1   0.01     35     12  622.0  622.1  622.0
   26.0  24773  -52.7  -85.7      1   0.01     42     13  625.4  625.5  625.4
   24.0  25298  -54.8  -86.9      1   0.01     85     19  634.0  634.1  634.0
   23.9  25315  -54.9  -86.9      1   0.01     84     19  634.3  634.4  634.3
   22.9  25603  -53.5  -86.5      1   0.01     60     12  646.5  646.6  646.5
   22.9  25589  -53.5  -86.5      1   0.01     61     12  646.2  646.3  646.2
   21.0  26146  -54.3  -87.3      1   0.01    114     11  660.0  660.0  660.0
   20.0  26460  -53.3  -86.3      1   0.01    145     11  672.3  672.4  672.3
   19.8  26518  -53.1  -86.1      1   0.01    130     11  674.6  674.8  674.6
   17.2  27432  -49.8  -83.6      1   0.02    100      3  712.8  713.0  712.8
   16.7  27631  -49.1  -83.1      1   0.02     99      3  721.3  721.6  721.4
   14.2  28698  -47.7  -82.7      1   0.03     96      3  760.3  760.6  760.3
   12.5  29547  -43.5  -79.5      1   0.06     93      2  803.2  803.9  803.2
   10.9  30480  -43.1  -79.1      1   0.07     90      2  837.2  838.0  837.2
   10.3  30850  -42.9  -78.9      1   0.08    158      5  851.1  852.0  851.1
   10.0  31050  -41.7  -77.7      1   0.10    195      7  862.8  864.0  862.8
    9.3  31547  -37.1  -75.1      1   0.15                898.3  900.4  898.4
    8.0  32589  -36.1  -74.1      1   0.21                941.8  944.6  941.9
Station information and sounding indices
                         Station identifier: TUS
                             Station number: 72274
                           Observation time: 200402/1200
                           Station latitude: 32.23
                          Station longitude: -110.96
                          Station elevation: 751.0
                            Showalter index: 6.48
                               Lifted index: 7.22
    LIFT computed using virtual temperature: 7.10
                                SWEAT index: 205.29
                                    K index: 11.10
                         Cross totals index: 9.30
                      Vertical totals index: 30.30
                        Totals totals index: 39.60
      Convective Available Potential Energy: 0.00
             CAPE using virtual temperature: 0.00
                      Convective Inhibition: 0.00
             CINS using virtual temperature: 0.00
                     Bulk Richardson Number: 0.00
          Bulk Richardson Number using CAPV: 0.00
  Temp [K] of the Lifted Condensation Level: 265.01
Pres [hPa] of the Lifted Condensation Level: 651.85
     Mean mixed layer potential temperature: 299.49
              Mean mixed layer mixing ratio: 3.20
              1000 hPa to 500 hPa thickness: 5635.00
Precipitable water [mm] for entire sounding: 9.39

Description of the 
data columns
or sounding indices.







Interested in graduate studies in atmospheric science?
Check out our program at the
University of Wyoming


Questions about the weather data provided by this site can be
addressed to 
Larry Oolman (ldoolman@uwyo.edu)






