100000 1
4.00013  0.00821439
4.24748  -0
4.3418  -0
4.3557  -0.0049015
4.50399  -0
4.5227  -0.00312761
4.68262  -0.0102652
4.75404  -0.00578619
4.8123  -0
4.85135  -0.0232816
4.8665  -0
4.87406  -0.0043459
4.88111  -0.00307828
4.89009  -0.00346593
4.91865  -0.00308201
4.92874  -0
4.94318  -0
5.01702  -0.0060556
5.02178  -0
5.02794  -0
5.11163  -0.00666683
5.13523  -0
5.14891  -0
5.18988  -0.00617756
5.19226  -0.00436681
5.22654  -0.0144044
5.36443  -0.00978939
5.48803  -0.0124051
5.55387  -0.0201196
5.59033  -0.0102987
5.59713  -0.0119207
5.6031  -0.0169355
5.63113  -0
5.66462  -0.0209775
5.71307  -0.0301892
5.74336  -0.0513144
5.74599  -0.0235022
5.77263  -0.0308467
5.82626  -0.0171713
5.90285  -0.0402705
6.00013  -0.0246432
6.24748  -0.0577504
6.3418  -0.0193152
6.3557  -0.0833256
6.50399  -0.0673413
6.5227  -0.0781902
6.68262  -0.0821214
6.75404  -0.0983652
6.8123  -0.0930982
6.85135  -0.0977827
6.8665  -0.115458
6.87406  -0.108648
6.88111  -0.113896
6.89009  -0.128239
6.91865  -0.126362
6.92874  -0.115827
6.94318  -0.135459
7.01702  -0.175612
7.02178  -0.138908
7.02794  -0.163533
7.11163  -0.180004
7.13523  -0.196343
7.14891  -0.211572
7.18988  -0.220333
7.19226  -0.213974
7.22654  -0.244874
7.36443  -0.307387
7.48803  -0.384558
7.55387  -0.413569
7.59033  -0.435979
7.59713  -0.441068
7.6031  -0.450485
7.63113  -0.464377
7.66462  -0.482483
7.71307  -0.49309
7.74336  -0.496039
7.74599  -0.50801
7.77263  -0.524394
7.82626  -0.549481
7.90285  -0.571841
8.00013  -0.610603
8.24748  -0.704554
8.3418  -0.753292
8.3557  -0.730324
8.50399  -0.791261
8.5227  -0.791285
8.68262  -0.85201
8.75404  -0.862142
8.8123  -0.912362
8.85135  -0.917295
8.8665  -0.923662
8.87406  -0.925678
8.88111  -0.926563
8.89009  -0.918471
8.91865  -0.940013
8.92874  -0.959711
8.94318  -0.948216
9.01702  -0.926507
9.02178  -0.984981
9.02794  -0.958642
9.11163  -0.986691
9.13523  -0.981715
9.14891  -0.973229
9.18988  -0.994587
9.19226  -1
9.22654  -0.979496
9.36443  -0.99656
9.48803  -0.955192
9.55387  -0.950091
9.59033  -0.94405
9.59713  -0.929818
9.6031  -0.911131
9.63113  -0.912742
9.66462  -0.888048
9.71307  -0.895613
9.74336  -0.88945
9.74599  -0.891277
9.77263  -0.863707
9.82626  -0.858564
9.90285  -0.853735
10.0001  -0.851558
10.2475  -0.762305
10.3418  -0.733977
10.3557  -0.730324
10.504  -0.698666
10.5227  -0.691202
10.6826  -0.636441
10.754  -0.584405
10.8123  -0.577209
10.8513  -0.563415
10.8665  -0.577288
10.8741  -0.560622
10.8811  -0.557169
10.8901  -0.558014
10.9186  -0.545516
10.9287  -0.529495
10.9432  -0.541838
11.017  -0.514726
11.0218  -0.505119
11.0279  -0.513156
11.1116  -0.473345
11.1352  -0.471223
11.1489  -0.465457
11.1899  -0.450962
11.1923  -0.432314
11.2265  -0.446535
11.3644  -0.393534
11.488  -0.396963
11.5539  -0.368859
11.5903  -0.367321
11.5971  -0.369543
11.6031  -0.396291
11.6311  -0.384312
11.6646  -0.398573
11.7131  -0.372333
11.7434  -0.359201
11.746  -0.363381
11.7726  -0.380443
11.8263  -0.377768
11.9029  -0.354381
12.0001  -0.331314
12.2475  -0.346502
12.3418  -0.347673
12.3557  -0.338204
12.504  -0.328289
12.5227  -0.328399
12.6826  -0.31822
12.754  -0.352957
12.8123  -0.316534
12.8513  -0.284036
12.8665  -0.274212
12.8741  -0.282484
12.8811  -0.28628
12.8901  -0.294604
12.9186  -0.274299
12.9287  -0.264748
12.9432  -0.255868
13.017  -0.272502
13.0218  -0.214675
13.0279  -0.24248
13.1116  -0.213339
13.1352  -0.196343
13.1489  -0.211572
13.1899  -0.179149
13.1923  -0.187773
13.2265  -0.172852
13.3644  -0.135094
13.488  -0.0992407
13.5539  -0.10954
13.5903  -0.10642
13.5971  -0.119207
13.6031  -0.111774
13.6311  -0.0960781
13.6646  -0.104888
13.7131  -0.0905676
13.7434  -0.085524
13.746  -0.0885854
13.7726  -0.102822
13.8263  -0.0858564
13.9029  -0.0885951
14.0001  -0.0739295
14.2475  -0.0924006
14.3418  -0.0772608
14.3557  -0.102932
14.504  -0.0925943
14.5227  -0.103211
14.6826  -0.123182
14.754  -0.12151
14.8123  -0.0930982
14.8513  -0.153659
14.8665  -0.115458
14.8741  -0.143415
14.8811  -0.12621
14.8901  -0.114376
14.9186  -0.126362
14.9287  -0.132374
14.9432  -0.120408
15.017  -0.15139
15.0218  -0.138908
15.0279  -0.129699
15.1116  -0.140003
15.1352  -0.157074
15.1489  -0.169257
15.1899  -0.146202
15.1923  -0.152838
15.2265  -0.172852
15.3644  -0.142925
15.488  -0.148861
15.5539  -0.136366
15.5903  -0.10642
15.5971  -0.131128
15.6031  -0.111774
15.6311  -0.128104
15.6646  -0.118873
15.7131  -0.120757
15.7434  -0.102629
15.746  -0.11028
15.7726  -0.123387
15.8263  -0.0858564
15.9029  -0.0966492
16.0001  -0.0903583
16.2475  -0.0693004
16.3418  -0.0772608
16.3557  -0.102932
16.504  -0.0673413
16.5227  -0.0656798
16.6826  -0.0718562
16.754  -0.0983652
16.8123  -0.0558589
16.8513  -0.0977827
16.8665  -0.0721611
16.8741  -0.0564968
16.8811  -0.0769571
16.8901  -0.0727845
16.9186  -0.0523942
16.9287  -0.0661869
16.9432  -0.0602042
17.017  -0.0545004
17.0218  -0.0505119
17.0279  -0.0563907
17.1116  -0.0466678
17.1352  -0.0589029
17.1489  -0.0211572
17.1899  -0.0473613
17.1923  -0.0742358
17.2265  -0.0576174
17.3644  -0.06461
17.488  -0.0620255
17.5539  -0.0737718
17.5903  -0.0652253
17.5971  -0.0834452
17.6031  -0.0711292
17.6311  -0.0800651
17.6646  -0.0769176
17.7131  -0.0805045
17.7434  -0.085524
17.746  -0.0885854
17.7726  -0.0822578
17.8263  -0.0858564
17.9029  -0.0885951
18.0001  -0.0739295
18.2475  -0.0924006
18.3418  -0.096576
18.3557  -0.0833256
18.504  -0.0925943
18.5227  -0.0907007
18.6826  -0.0821214
18.754  -0.0752204
18.8123  -0.0930982
18.8513  -0.0791574
18.8665  -0.0721611
18.8741  -0.0738804
18.8811  -0.0769571
18.8901  -0.0866482
18.9186  -0.0770503
18.9287  -0.0661869
18.9432  -0.0752552
19.017  -0.102945
19.0218  -0.0757678
19.0279  -0.073308
19.1116  -0.0666683
19.1352  -0.0589029
19.1489  -0.0846286
19.1899  -0.055598
19.1923  -0.0655022
19.2265  -0.0576174
19.3644  -0.0411155
19.488  -0.0372153
19.5539  -0.0469457
19.5903  -0.037762
19.5971  -0.0357622
19.6031  -0.0440324
19.6311  -0.032026
19.6646  -0.0349625
19.7131  -0.0402523
19.7434  -0.085524
19.746  -0.0379652
19.7726  -0.0411289
19.8263  -0.0515139
19.9029  -0.0322164
20.0001  -0.0246432
20.2475  -0.0462003
20.3418  -0.0579456
20.3557  -0.0441135
20.504  -0.050506
20.5227  -0.0531693
20.6826  -0.0615911
20.754  -0.0752204
20.8123  -0.0744786
20.8513  -0.0791574
20.8665  -0.0432966
20.8741  -0.0738804
20.8811  -0.0769571
20.8901  -0.0589208
20.9186  -0.0523942
20.9287  -0.0661869
20.9432  -0.0602042
21.017  -0.0545004
21.0218  -0.0505119
21.0279  -0.0620298
21.1116  -0.0600015
21.1352  -0.0589029
21.1489  -0.0423143
21.1899  -0.0638348
21.1923  -0.0742358
21.2265  -0.0576174
21.3644  -0.06461
21.488  -0.0496204
21.5539  -0.0558877
21.5903  -0.0514936
21.5971  -0.0596037
21.6031  -0.0711292
21.6311  -0.048039
21.6646  -0.0489476
21.7131  -0.0603784
21.7434  -0.085524
21.746  -0.0596595
21.7726  -0.0514112
21.8263  -0.0515139
21.9029  -0.0483246
22.0001  -0.0355957
22.2475  -0.0462003
22.3418  -0.0193152
22.3557  -0.0637196
22.504  -0.050506
22.5227  -0.0531693
22.6826  -0.0410607
22.754  -0.0520757
22.8123  -0.0186196
22.8513  -0.0232816
22.8665  -0.0144322
22.8741  -0.0391131
22.8811  -0.0277046
22.8901  -0.0311934
22.9186  -0.0400661
22.9287  -0.0330935
22.9432  -0.0301021
23.017  -0.0545004
23.0218  -0.0378839
23.0279  -0.0225563
23.1116  -0.0333341
23.1352  -0.0589029
23.1489  -0.0423143
23.1899  -0.022651
23.1923  -0.0305677
23.2265  -0.0144044
23.3644  -0.0332839
23.488  -0.0496204
23.5539  -0.0380036
23.5903  -0.037762
23.5971  -0.047683
23.6031  -0.0575808
23.6311  -0.048039
23.6646  -0.0489476
23.7131  -0.0301892
23.7434  -0.0513144
23.746  -0.0379652
23.7726  -0.0514112
23.8263  -0.0343426
23.9029  -0.0402705
24.0001  -0.0355957
24.2475  -0.0462003
24.3418  -0.0579456
24.3557  -0.0441135
24.504  -0.0420883
24.5227  -0.0531693
24.6826  -0.0513259
24.754  -0.0752204
24.8123  -0.0372393
24.8513  -0.0419069
24.8665  -0.0577288
24.8741  -0.0564968
24.8811  -0.0523308
24.8901  -0.0450571
24.9186  -0.0523942
24.9287  -0.0496402
24.9432  -0.0451531
25.017  -0.0060556
25.0218  -0.0378839
25.0279  -0.0225563
25.1116  -0.0266673
25.1352  -0.0392686
25.1489  -0.0211572
25.1899  -0.022651
25.1923  -0.0305677
25.2265  -0
25.3644  -0.0332839
25.488  -0.0248102
25.5539  -0.0201196
25.5903  -0.0240304
25.5971  -0.0357622
25.6031  -0.0033871
25.6311  -0.016013
25.6646  0.00699251
25.7131  -0.0201261
25.7434  -0.0342096
25.746  -0.0235022
25.7726  -0
25.8263  -0.0171713
25.9029  -0.0241623
26.0001  -0.00821439
26.2475  -0.0231001
26.3418  -0
26.3557  -0.0245075
26.504  -0.025253
26.5227  -0.0406589
26.6826  -0.0102652
26.754  -0.00578619
26.8123  -0.0372393
26.8513  -0.0232816
26.8665  -0
26.8741  -0.0043459
26.8811  -0.0277046
26.8901  -0.0173296
26.9186  -0.00308201
26.9287  -0
26.9432  -0.015051
27.017  -0.0060556
27.0218  -0.0378839
27.0279  -0.0225563
27.1116  -0.0266673
27.1352  -0.0392686
27.1489  -0.0211572
27.1899  -0.0308878
27.1923  -0.0393013
27.2265  -0.0576174
27.3644  -0.0332839
27.488  -0.0372153
27.5539  -0.0201196
27.5903  -0.0102987
27.5971  -0.0357622
27.6031  -0.0304839
27.6311  -0.032026
27.6646  -0.0209775
27.7131  -0.0201261
27.7434  -0.0171048
27.746  -0.0235022
27.7726  -0.0205645
27.8263  -0.0171713
27.9029  -0.0241623
28.0001  -0.00821439
28.2475  -0.0231001
28.3418  -0.0193152
28.3557  -0.0245075
28.504  -0.0168353
28.5227  -0.015638
28.6826  -0.0102652
28.754  -0.00578619
28.8123  -0.0372393
28.8513  -0.00465632
28.8665  -0.0144322
28.8741  -0.0043459
28.8811  -0.0277046
28.8901  -0.0173296
28.9186  -0.0154101
28.9287  -0
28.9432  -0.015051
29.017  -0.030278
29.0218  -0
29.0279  -0.0169172
29.1116  -0.0200005
29.1352  -0
29.1489  -0
29.1899  -0.0144143
29.1923  -0.0218341
29.2265  -0.0288087
29.3644  -0.0254524
29.488  -0.0124051
29.5539  -0.0290616
29.5903  -0.0240304
29.5971  -0.0238415
29.6031  -0.0169355
29.6311  -0
29.6646  -0.00699251
29.7131  -0.0201261
29.7434  -0.0171048
29.746  -0.0307337
29.7726  -0.0205645
29.8263  -0.0171713
29.9029  -0.0322164
30.0001  -0.0191669
30.2475  -0.0231001
30.3418  -0.0193152
30.3557  -0.0245075
30.504  -0.0336707
30.5227  -0.015638
30.6826  -0.0102652
30.754  -0.0289309
30.8123  -0
30.8513  -0.0419069
30.8665  -0.0288644
30.8741  -0.0043459
30.8811  -0.0400177
30.8901  -0.0173296
30.9186  -0.0154101
30.9287  -0
30.9432  -0.015051
31.017  -0.0787228
31.0218  -0.012628
31.0279  -0.0169172
31.1116  -0.0200005
31.1352  -0.0392686
31.1489  -0.0211572
31.1899  -0.0144143
31.1923  -0.0218341
31.2265  -0.0288087
31.3644  -0.0254524
31.488  -0.0124051
31.5539  -0.00223551
31.5903  0.00343291
31.5971  -0.0238415
31.6031  -0.0169355
31.6311  -0.016013
31.6646  -0.00699251
31.7131  -0.0100631
31.7434  -0.0342096
31.746  -0.00903933
31.7726  -0.0102822
31.8263  -0
31.9029  -0
32.0001  -0.00821439
32.2475  -0
32.3418  -0.0193152
32.3557  -0.0049015
32.504  -0
32.5227  -0.015638
32.6826  -0.0102652
32.754  -0.0289309
32.8123  -0
32.8513  -0.0232816
32.8665  -0.0288644
32.8741  -0.0217295
32.8811  -0.0153914
32.8901  -0.0173296
32.9186  -0.0154101
32.9287  -0
32.9432  -0.015051
33.017  -0.0060556
33.0218  -0.0252559
33.0279  -0.0169172
33.1116  -0.0200005
33.1352  -0.0196343
33.1489  -0.0211572
33.1899  -0.0144143
33.1923  -0.0218341
33.2265  -0.0288087
33.3644  -0.0332839
33.488  -0.0124051
33.5539  -0.0201196
33.5903  -0.0240304
33.5971  -0.0238415
33.6031  -0.0169355
33.6311  -0.016013
33.6646  0.00699251
33.7131  -0.0201261
33.7434  -0.085524
33.746  -0.0162708
33.7726  -0.0102822
33.8263  -0.0343426
33.9029  -0.0161082
34.0001  -0.00821439
34.2475  -0.0115501
34.3418  -0.0193152
34.3557  -0.0245075
34.504  -0.0168353
34.5227  -0.0281485
34.6826  -0
34.754  -0.0289309
34.8123  -0
34.8513  -0.00465632
34.8665  -0
34.8741  -0.0217295
34.8811  -0.00307828
34.8901  -0.0173296
34.9186  -0.0154101
34.9287  -0
34.9432  -0.015051
35.017  -0.0060556
35.0218  -0.0252559
35.0279  -0
35.1116  -0.00666683
35.1352  -0.0196343
35.1489  -0
35.1899  -0.00617756
35.1923  -0.00436681
35.2265  0.0144044
35.3644  -0.00195788
35.488  -0.0124051
35.5539  -0.0111775
35.5903  0.00343291
35.5971  -0.0119207
35.6031  -0.0169355
35.6311  -0.016013
35.6646  0.00699251
35.7131  -0.0100631
35.7434  -0.0171048
35.746  -0.00903933
35.7726  -0.0102822
35.8263  -0.0171713
35.9029  -0.0241623
36.0001  -0.00273813
36.2475  -0.0115501
36.3418  -0.0193152
36.3557  -0.0245075
36.504  -0.0168353
36.5227  -0.00312761
36.6826  -0.0307955
36.754  -0.0289309
36.8123  -0.0186196
36.8513  -0.0419069
36.8665  -0.0144322
36.8741  -0.0217295
36.8811  -0.00307828
36.8901  -0.0173296
36.9186  -0.0154101
36.9287  -0.0165467
36.9432  -0.015051
37.017  -0.0060556
37.0218  -0
37.0279  -0.00563907
37.1116  -0.0133337
37.1352  -0.0196343
37.1489  -0
37.1899  -0.0144143
37.1923  -0.0218341
37.2265  -0
37.3644  -0.00978939
37.488  -0
37.5539  -0.0111775
37.5903  0.00343291
37.5971  -0.0119207
37.6031  -0.0169355
37.6311  -0
37.6646  0.00699251
37.7131  -0.0201261
37.7434  -0.0342096
37.746  -0.00903933
37.7726  -0.0102822
37.8263  -0
37.9029  -0.0080541
38.0001  -0.00273813
38.2475  -0
38.3418  -0
38.3557  -0.0245075
38.504  -0.00841767
38.5227  -0.015638
38.6826  -0.0102652
38.754  -0.00578619
38.8123  -0
38.8513  -0.00465632
38.8665  -0
38.8741  -0.0217295
38.8811  -0.0153914
38.8901  -0.00346593
38.9186  0.00924603
38.9287  -0
38.9432  -0
39.017  -0.0060556
39.0218  -0
39.0279  -0.00563907
39.1116  -0.0133337
39.1352  -0
39.1489  -0
39.1899  -0.0144143
39.1923  -0.0131004
39.2265  -0.0288087
39.3644  -0.0176209
39.488  -0.0124051
39.5539  -0.0111775
39.5903  -0.0102987
39.5971  -0
39.6031  -0.0169355
39.6311  -0
39.6646  -0.00699251
39.7131  -0.0100631
39.7434  -0.0171048
39.746  -0.00180787
39.7726  -0.0102822
39.8263  -0.0171713
39.9029  -0.0161082
