1000000 1
-6.30768 -0.00552126
-6.10483 -0.0061346
-6 -0.0055329
-5.99746 -0
-5.95007 0.00556497
-5.94574 -0.0119202
-5.78596 -0
-5.73136 -0
-5.60984 0.00637299
-5.50523 -0
-5.33928 -0
-5.24806 0.0122026
-5.12288 -0.0184745
-4.85246 -0.00600185
-4.84404 0.00580697
-4.77447 -0
-4.63468 -0.00619719
-4.60701 -0
-4.56466 -0
-4.37361 -0.00636696
-4.30768 -0
-4.10483 -0.0061346
-4 -0
-3.99746 0.00611367
-3.95008 -0
-3.94575 -0
-3.78596 -0
-3.73136 -0
-3.60984 -0
-3.50523 -0
-3.33928 -0
-3.24806 -0
-3.12288 0.00615818
-2.85246 -0
-2.84404 -0
-2.77447 0.00572922
-2.63468 -0.00619719
-2.60701 -0
-2.56466 -0.00562802
-2.37361 -0
-2.30768 -0.00552126
-2.10483 -0
-2 -0
-1.99746 -0
-1.95008 -0.00556497
-1.94575 -0
-1.78596 -0
-1.73136 -0
-1.60984 -0
-1.50523 -0.00636943
-1.33928 -0.00607234
-1.24806 -0
-1.12288 -0
-0.85246 -0
-0.84404 -0
-0.77447 -0.00572922
-0.63468 0.00619719
-0.60701 -0
-0.56466 -0
-0.37361 -0
-0.30768 -0
-0.10483 -0
8.88178e-16 -0
0.00254 -0
0.04992 -0
0.05425 -0
0.21404 -0
0.26864 -0.00572783
0.39016 -0.00637299
0.49477 -0.00636943
0.66072 -0.00607234
0.75194 -0.0183039
0.87712 -0.00615818
1.14754 -0.0120037
1.15596 -0.0290348
1.22553 -0.0286461
1.36532 -0.030986
1.39299 -0.0167362
1.43534 -0.0281401
1.62639 -0.0191009
1.69232 -0.0276063
1.89517 -0.030673
2 -0.055329
2.00254 -0.0427957
2.04992 -0.0500847
2.05425 -0.0417207
2.21404 -0.0550151
2.26864 -0.0572783
2.39016 -0.0573569
2.49477 -0.0636943
2.66072 -0.0850128
2.75194 -0.103722
2.87712 -0.104689
3.14754 -0.156048
3.15596 -0.145174
3.22553 -0.154689
3.36532 -0.179719
3.39299 -0.189677
3.43534 -0.185725
3.62639 -0.222844
3.69228 -0.237414
3.89518 -0.263788
3.99998 -0.293244
4.00258 -0.293456
4.04988 -0.306073
4.05428 -0.309925
4.21408 -0.354542
4.26868 -0.378037
4.39018 -0.420617
4.49478 -0.44586
4.66068 -0.516149
4.75198 -0.549118
4.87708 -0.597343
5.14758 -0.684211
5.15598 -0.691029
5.22558 -0.710423
5.36528 -0.74986
5.39298 -0.753128
5.43538 -0.771039
5.62638 -0.821338
5.69228 -0.833711
5.89518 -0.901787
5.99998 -0.912928
6.00258 -0.917051
6.04988 -0.923784
6.05428 -0.923816
6.21408 -0.953595
6.26868 -0.956547
6.39018 -0.968695
6.49478 -1
6.66068 -0.989792
6.75198 -0.976209
6.87708 -0.97915
7.14758 -0.924285
7.15598 -0.923308
7.22558 -0.922405
7.36528 -0.873804
7.39298 -0.887017
7.43538 -0.866715
7.62638 -0.827705
7.69228 -0.817147
7.89518 -0.766825
7.99998 -0.746941
8.00258 -0.739754
8.04988 -0.734576
8.05428 -0.733092
8.21408 -0.684632
8.26868 -0.687339
8.39018 -0.656418
8.49478 -0.636943
8.66068 -0.607234
8.75198 -0.610131
8.87708 -0.57271
9.14758 -0.570176
9.15598 -0.57489
9.22558 -0.555734
9.36528 -0.570142
9.39298 -0.552294
9.43538 -0.56843
9.62638 -0.541191
9.69228 -0.546605
9.89518 -0.521441
9.99998 -0.520092
10.0026 -0.519662
10.0499 -0.511977
10.0543 -0.506609
10.2141 -0.507361
10.2687 -0.492593
10.3902 -0.471601
10.4948 -0.44586
10.6607 -0.431136
10.752 -0.408788
10.8771 -0.412598
11.1476 -0.378117
11.156 -0.365839
11.2256 -0.360941
11.3653 -0.359437
11.393 -0.345881
11.4354 -0.337681
11.6264 -0.350183
11.6923 -0.336797
11.8952 -0.331269
12 -0.326441
12.0026 -0.324025
12.0499 -0.328333
12.0543 -0.327806
12.2141 -0.323978
12.2687 -0.315031
12.3902 -0.331396
12.4948 -0.312102
12.6607 -0.303617
12.752 -0.311167
12.8771 -0.295592
13.1476 -0.276085
13.156 -0.272928
13.2256 -0.269273
13.3653 -0.254085
13.393 -0.256621
13.4354 -0.258889
13.6264 -0.248311
13.6923 -0.253978
13.8952 -0.22698
14 -0.215783
14.0026 -0.23232
14.0499 -0.217034
14.0543 -0.226484
14.2141 -0.207835
14.2687 -0.206202
14.3902 -0.203936
14.4948 -0.191083
14.6607 -0.200387
14.752 -0.189141
14.8771 -0.178587
15.1476 -0.180055
15.156 -0.180016
15.2256 -0.177606
15.3653 -0.185916
15.393 -0.167362
15.4354 -0.185725
15.6264 -0.184642
15.6923 -0.171159
15.8952 -0.177903
16 -0.160454
16.0026 -0.158955
16.0499 -0.155819
16.0543 -0.160923
16.2141 -0.158932
16.2687 -0.160379
16.3902 -0.146579
16.4948 -0.133758
16.6607 -0.139664
16.752 -0.122026
16.8771 -0.117005
17.1476 -0.108033
17.156 -0.116139
17.2256 -0.114584
17.3653 -0.117747
17.393 -0.117153
17.4354 -0.106932
17.6264 -0.0955044
17.6923 -0.0938615
17.8952 -0.104288
18 -0.105125
18.0026 -0.103932
18.0499 -0.116864
18.0543 -0.107282
18.2141 -0.116143
18.2687 -0.108829
18.3902 -0.108341
18.4948 -0.11465
18.6607 -0.109302
18.752 -0.109824
18.8771 -0.104689
19.1476 -0.102031
19.156 -0.0929115
19.2256 -0.0973968
19.3653 -0.0867607
19.393 -0.117153
19.4354 -0.0900484
19.6264 -0.0891374
19.6923 -0.0772977
19.8952 -0.0429422
20 -0.0663948
20.0026 -0.0733641
20.0499 -0.0723446
20.0543 -0.0715212
20.2141 -0.0672406
20.2687 -0.0687339
20.3902 -0.0701029
20.4948 -0.0636943
20.6607 -0.0546511
20.752 -0.0610131
20.8771 -0.0615818
21.1476 -0.0600185
21.156 -0.0754906
21.2256 -0.0687506
21.3653 -0.0805635
21.393 -0.0669447
21.4354 -0.0675363
21.6264 -0.0764035
21.6923 -0.082819
21.8952 -0.0797498
22 -0.0719277
22.0026 -0.0733641
22.0499 -0.0667796
22.0543 -0.0715212
22.2141 -0.0672406
22.2687 -0.0572783
22.3902 -0.0701029
22.4948 -0.0636943
22.6607 -0.0607234
22.752 -0.0488105
22.8771 -0.0615818
23.1476 -0.0540166
23.156 -0.0464558
23.2256 -0.0572922
23.3653 -0.0495775
23.393 -0.0446298
23.4354 -0.0393962
23.6264 -0.0445687
23.6923 -0.0496914
23.8952 -0.0490768
24 -0.0442632
24.0026 -0.0427957
24.0499 -0.0389548
24.0543 -0.0417207
24.2141 -0.0427895
24.2687 -0.0572783
24.3902 -0.0637299
24.4948 -0.0636943
24.6607 -0.0607234
24.752 -0.0549118
24.8771 -0.0431072
25.1476 -0.0420129
25.156 -0.0464558
25.2256 -0.0401045
25.3653 -0.0371832
25.393 -0.0446298
25.4354 -0.0562802
25.6264 -0.0445687
25.6923 -0.0276063
25.8952 -0.030673
26 -0.0387303
26.0026 -0.0427957
26.0499 -0.0333898
26.0543 -0.0417207
26.2141 -0.0427895
26.2687 -0.0400948
26.3902 -0.031865
26.4948 -0.0573248
26.6607 -0.036434
26.752 -0.0183039
26.8771 -0.0369491
27.1476 -0.0420129
27.156 -0.0348418
27.2256 -0.0286461
27.3653 -0.030986
27.393 -0.0446298
27.4354 -0.0337681
27.6264 -0.0382017
27.6923 -0.0331276
27.8952 -0.030673
28 -0.0276645
28.0026 -0.0305684
28.0499 -0.0333898
28.0543 -0.0417207
28.2141 -0.0427895
28.2687 -0.0400948
28.3902 -0.031865
28.4948 -0.0318471
28.6607 -0.018217
28.752 -0.0305065
28.8771 -0.0369491
29.1476 -0.0360111
29.156 -0.0290348
29.2256 -0.0286461
29.3653 -0.030986
29.393 -0.0334723
29.4354 -0.0337681
29.6264 -0.0318348
29.6923 -0.0331276
29.8952 -0.0429422
30 -0.0276645
30.0026 -0.0305684
30.0499 -0.0278248
30.0543 -0.0298005
30.2141 -0.0183384
30.2687 -0.0286391
30.3902 -0.038238
30.4948 -0.0318471
30.6607 -0.036434
30.752 -0.0305065
30.8771 -0.0307909
31.1476 -0.0180055
31.156 -0.0290348
31.2256 -0.0343753
31.3653 -0.030986
31.393 -0.0167362
31.4354 -0.0225121
31.6264 -0.0254678
31.6923 -0.0220851
31.8952 -0.0122692
32 -0.0276645
32.0026 -0.0122273
32.0499 -0.0222599
32.0543 -0.0119202
32.2141 -0.0122256
32.2687 -0.0229113
32.3902 -0.031865
32.4948 -0.0191083
32.6607 -0.0242894
32.752 -0.0305065
32.8771 -0.0123164
33.1476 -0.00600185
33.156 -0.0116139
33.2256 -0.0114584
33.3653 -0.0247888
33.393 -0.0278936
33.4354 -0.0168841
33.6264 -0.00636696
33.6923 -0.0276063
33.8952 -0.0122692
34 -0.0331974
34.0026 -0.0244547
34.0499 -0.0222599
34.0543 -0.0178803
34.2141 -0.0427895
34.2687 -0.0114557
34.3902 -0.019119
34.4948 -0.0191083
34.6607 -0.018217
34.752 -0.00610131
34.8771 -0.0246327
35.1476 -0.0300092
35.156 -0.0116139
35.2256 -0.0114584
35.3653 -0.00619719
35.393 -0.0278936
35.4354 -0.0168841
35.6264 -0.0318348
35.6923 -0.00552126
35.8952 -0.0184038
36 -0.0110658
36.0026 -0.018341
36.0499 -0.0166949
36.0543 -0.0178803
36.2141 -0.0122256
36.2687 -0.0229113
36.3902 -0.019119
36.4948 -0.0191083
36.6607 -0.0121447
36.752 -0.0122026
36.8771 -0.0123164
37.1476 -0.0120037
37.156 -0.0290348
37.2256 -0.0114584
37.3653 -0.0123944
37.393 -0.0111574
37.4354 -0.0168841
37.6264 -0.0127339
37.6923 -0.0165638
37.8952 -0.0122692
38 -0
38.0026 -0.018341
38.0499 -0.0166949
38.0543 -0.0178803
38.2141 -0.00611279
38.2687 -0.0114557
38.3902 -0.012746
38.4948 -0.0191083
38.6607 -0.0121447
38.752 -0.00610131
38.8771 -0.00615818
39.1476 -0.00600185
39.156 -0.0116139
39.2256 -0.0229169
39.3653 -0.0123944
39.393 -0.0167362
39.4354 -0.0168841
39.6264 -0.0127339
39.6923 -0.0110425
39.8952 -0.0061346
40 -0.0055329
40.0026 -0.00611367
40.0499 -0.0111299
40.0543 -0.0119202
40.2141 -0.00611279
40.2687 -0.0114557
40.3902 -0.012746
40.4948 -0
40.6607 -0.00607234
40.752 -0.00610131
40.8771 -0.00615818
41.1476 -0.0120037
41.156 -0
41.2256 -0.0229169
41.3653 -0.0123944
41.393 -0.00557872
41.4354 -0.011256
41.6264 -0
41.6923 -0.00552126
41.8952 -0.0122692
42 -0.0276645
42.0026 -0.00611367
42.0499 -0.0111299
42.0543 -0
42.2141 -0.0122256
42.2687 -0.00572783
42.3902 -0.00637299
42.4948 -0.0127389
42.6607 -0.0121447
42.752 -0.0122026
42.8771 -0.0123164
43.1476 -0.0120037
43.156 -0.00580697
43.2256 -0
43.3653 -0
43.393 -0.0111574
43.4354 -0.00562802
43.6264 -0.00636696
43.6923 -0.00552126
43.8952 0.0061346
44 -0.0055329
44.0026 -0.018341
44.0499 -0
44.0543 -0.0178803
44.2141 -0.0122256
44.2687 -0.00572783
44.3902 -0.00637299
44.4948 -0.00636943
44.6607 -0.00607234
44.752 -0
44.8771 -0.0123164
45.1476 -0.00600185
45.156 -0.0174209
45.2256 -0
45.3653 -0.0185916
45.393 -0.00557872
45.4354 -0.011256
45.6264 -0.0191009
45.6923 -0.0110425
45.8952 -0.0184038
46 -0.0055329
46.0026 -0.018341
46.0499 -0.0166949
46.0543 -0.0119202
46.2141 -0.0122256
46.2687 -0.0114557
46.3902 -0.00637299
46.4948 -0.0127389
46.6607 -0.00607234
46.752 -0.00610131
46.8771 -0.00615818
47.1476 -0.00600185
47.156 -0.0116139
47.2256 -0.0114584
47.3653 -0.00619719
47.393 -0.00557872
47.4354 -0.00562802
47.6264 -0.00636696
47.6923 -0
47.8952 -0.0061346
48 -0
48.0026 -0.00611367
48.0499 -0.00556497
48.0543 0.0059601
48.2141 -0
48.2687 -0.0114557
48.3902 -0.00637299
48.4948 -0.00636943
48.6607 -0.00607234
48.752 -0.0183039
48.8771 -0
49.1476 -0.0120037
49.156 -0.0116139
49.2256 -0.0114584
49.3653 -0.00619719
49.393 -0.00557872
49.4354 -0.011256
49.6264 -0
49.6923 -0.00552126
49.8952 -0.0061346
50 -0.0221316
50.0026 -0.00611367
50.0499 -0
50.0543 -0.0238404
50.2141 -0.00611279
50.2687 -0.00572783
50.3902 -0.00637299
50.4948 -0.00636943
50.6607 -0.0121447
50.752 0.00610131
50.8771 -0.0184745
51.1476 -0.00600185
51.156 -0.00580697
51.2256 -0.0114584
51.3653 -0.0123944
51.393 -0.00557872
51.4354 -0.00562802
51.6264 -0.00636696
51.6923 -0.00552126
51.8952 -0
52 -0.0055329
52.0026 0.00611367
52.0499 -0.00556497
52.0543 -0
52.2141 -0.00611279
52.2687 -0
52.3902 -0.012746
52.4948 -0.00636943
52.6607 -0.00607234
52.752 -0.00610131
52.8771 -0.0123164
53.1476 0.0120037
53.156 -0.00580697
53.2256 0.00572922
53.3653 -0.00619719
53.393 -0.00557872
53.4354 -0
53.6264 -0.00636696
53.6923 -0.0110425
53.8952 -0
54 0.0055329
54.0026 -0.00611367
54.0499 -0.00556497
54.0543 -0
54.2141 -0.00611279
54.2687 -0.00572783
54.3902 -0.00637299
54.4948 -0
54.6607 -0
54.752 -0.00610131
54.8771 0.0123164
55.1476 -0
55.156 0.00580697
55.2256 -0
55.3653 0.00619719
55.393 -0.00557872
55.4354 -0
55.6264 -0.00636696
55.6923 -0
55.8952 -0.0061346
56 -0.0110658
56.0026 -0.00611367
56.0499 -0.00556497
56.0543 -0
56.2141 -0.00611279
56.2687 -0.00572783
56.3902 -0
56.4948 -0.00636943
56.6607 -0.00607234
56.752 -0.00610131
56.8771 -0
57.1476 -0.00600185
57.156 -0.00580697
57.2256 -0.00572922
57.3653 -0.00619719
57.393 -0.0111574
57.4354 -0.00562802
57.6264 -0.00636696
57.6923 -0
57.8952 -0.0061346
58 -0.0055329
58.0026 -0.00611367
58.0499 -0.00556497
58.0543 -0.0059601
58.2141 -0
58.2687 -0
58.3902 -0
58.4948 -0.00636943
58.6607 -0
58.752 -0
58.8771 -0.00615818
59.1476 -0.0120037
59.156 -0.00580697
59.2256 -0.00572922
59.3653 -0.00619719
59.393 -0.00557872
59.4354 -0.00562802
59.6264 -0.00636696
59.6923 -0.00552126
59.8952 -0.0061346
60 -0
60.0026 -0.00611367
60.0499 -0
60.0543 -0.0119202
60.2141 -0.00611279
60.2687 -0.00572783
60.3902 -0.012746
60.4948 0.00636943
60.6607 -0
60.752 -0
60.8771 -0.00615818
61.1476 -0
61.156 -0.00580697
61.2256 -0
61.3653 -0.00619719
61.393 0.00557872
61.4354 -0
61.6264 -0
61.6923 -0.00552126
61.8952 -0.0061346
62 -0.0055329
62.0026 -0
62.0499 -0.00556497
62.0543 -0
62.2141 -0.00611279
62.2687 -0.00572783
62.3902 -0.012746
62.4948 -0.0191083
62.6607 -0.00607234
62.752 -0
62.8771 -0
63.1476 -0
63.156 -0.00580697
63.2256 -0.00572922
63.3653 0.00619719
63.393 -0.00557872
63.4354 -0.00562802
63.6264 -0
63.6923 0.00552126
63.8952 -0.0061346
64 -0.0055329
64.0026 -0
64.0499 -0
64.0543 0.0119202
64.2141 0.00611279
64.2687 -0.00572783
64.3902 0.00637299
64.4948 -0
64.6607 -0
64.752 -0.0183039
64.8771 0.00615818
65.1476 -0
65.156 -0.00580697
65.2256 0.00572922
65.3653 -0
65.393 -0.00557872
65.4354 -0.00562802
65.6264 -0
65.6923 -0
65.8952 -0
66 -0.0055329
66.0026 -0.0122273
66.0499 -0
66.0543 -0.0059601
66.2141 -0.00611279
66.2687 -0.00572783
66.3902 0.00637299
66.4948 -0
66.6607 -0.00607234
66.752 -0.00610131
66.8771 -0.00615818
67.1476 -0.0120037
67.156 0.00580697
67.2256 -0.00572922
67.3653 -0
67.393 -0.00557872
67.4354 -0
67.6264 -0.00636696
67.6923 -0.00552126
67.8952 -0
68 -0
68.0026 -0.00611367
68.0499 -0.00556497
68.0543 -0.0059601
68.2141 -0.00611279
68.2687 -0.00572783
68.3902 -0.00637299
68.4948 -0
68.6607 0.00607234
68.752 -0
68.8771 -0.00615818
69.1476 -0
69.156 -0.00580697
69.2256 -0.00572922
69.3653 -0.00619719
69.393 0.00557872
69.4354 -0
69.6264 -0
69.6923 -0.00552126
69.8952 -0
70 -0
70.0026 -0.00611367
70.0499 -0
70.0543 -0.0059601
70.2141 0.00611279
70.2687 -0
70.3902 -0.00637299
70.4948 -0.0127389
70.6607 -0.00607234
70.752 -0
70.8771 -0
71.1476 -0
71.156 -0.00580697
71.2256 -0.00572922
71.3653 -0.00619719
71.393 -0
71.4354 -0
71.6264 -0
71.6923 -0
71.8952 -0
72 -0.0055329
72.0026 0.0122273
72.0499 0.00556497
72.0543 0.0059601
72.2141 -0
72.2687 -0
72.3902 -0.00637299
72.4948 -0
72.6607 -0.00607234
72.752 0.00610131
72.8771 -0
73.1476 -0
73.156 -0
73.2256 0.00572922
73.3653 0.00619719
73.393 -0
73.4354 -0
73.6264 -0
73.6923 -0
73.8952 0.0061346
74 -0.0055329
74.0026 -0
74.0499 -0.00556497
74.0543 0.0059601
74.2141 -0.0122256
74.2687 -0
74.3902 0.00637299
74.4948 -0
74.6607 0.00607234
74.752 -0.00610131
74.8771 -0.00615818
75.1476 -0.0120037
75.156 -0
75.2256 0.00572922
75.3653 0.00619719
75.393 -0.0111574
75.4354 -0
75.6264 -0.00636696
75.6923 -0
75.8952 0.0122692
76 0.0055329
76.0026 -0.00611367
76.0499 -0.00556497
76.0543 -0
76.2141 -0
76.2687 -0
76.3902 -0.00637299
76.4948 -0
76.6607 0.00607234
76.752 -0.00610131
76.8771 -0
77.1476 -0
77.156 -0
77.2256 0.00572922
77.3653 -0.00619719
77.393 0.00557872
77.4354 -0
77.6264 -0
77.6923 -0.00552126
77.8952 -0.0184038
78 -0
78.0026 -0
78.0499 -0.00556497
78.0543 -0
78.2141 -0
78.2687 -0
78.3902 -0.00637299
78.4948 -0.00636943
78.6607 -0.00607234
78.752 0.0122026
78.8771 -0
79.1476 -0
79.156 0.00580697
79.2256 -0.00572922
79.3653 -0
79.393 0.00557872
79.4354 -0
79.6264 -0
79.6923 -0
79.8952 -0
80 -0
80.0026 0.00611367
80.0499 0.00556497
80.0543 -0.0059601
80.2141 -0
80.2687 -0.00572783
80.3902 -0
80.4948 -0
80.6607 -0.00607234
80.752 -0.00610131
80.8771 -0
81.1476 -0
81.156 -0.00580697
81.2256 -0.00572922
81.3653 -0
81.393 -0.00557872
81.4354 -0.00562802
81.6264 -0
81.6923 -0
81.8952 -0
82 -0.0055329
82.0026 -0
82.0499 -0.00556497
82.0543 -0.0059601
82.2141 -0.00611279
82.2687 -0
82.3902 -0
82.4948 -0
82.6607 -0
82.752 0.00610131
82.8771 -0.00615818
83.1476 -0
83.156 -0
83.2256 0.00572922
83.3653 -0
83.393 -0.00557872
83.4354 0.00562802
83.6264 -0
83.6923 -0
83.8952 -0
84 -0
84.0026 0.00611367
84.0499 -0.00556497
84.0543 0.0059601
84.2141 -0
84.2687 -0
84.3902 -0.00637299
84.4948 0.00636943
84.6607 0.00607234
84.752 -0
84.8771 -0
85.1476 0.00600185
85.156 -0.00580697
85.2256 0.00572922
85.3653 -0
85.393 -0.00557872
85.4354 -0
85.6264 -0
85.6923 -0
85.8952 -0.0184038
86 -0
86.0026 -0
86.0499 -0.00556497
86.0543 -0
86.2141 0.00611279
86.2687 -0
86.3902 -0
86.4948 -0
86.6607 -0
86.752 -0.00610131
86.8771 -0
87.1476 -0.00600185
87.156 -0
87.2256 -0.0171877
87.3653 0.00619719
87.393 0.00557872
87.4354 -0.00562802
87.6264 0.00636696
87.6923 -0
87.8952 0.0122692
88 -0
88.0026 -0
88.0499 -0
88.0543 -0.0059601
88.2141 -0
88.2687 -0.00572783
88.3902 -0
88.4948 -0
88.6607 -0.00607234
88.752 -0
88.8771 -0
89.1476 -0
89.156 0.00580697
89.2256 -0.00572922
89.3653 -0
89.393 0.00557872
89.4354 -0
89.6264 0.00636696
89.6923 -0
89.8952 0.0061346
90 -0
90.0026 -0
90.0499 -0
90.0543 -0.0059601
90.2141 -0.00611279
90.2687 0.00572783
90.3902 -0
90.4948 -0
90.6607 0.00607234
90.752 0.0122026
90.8771 -0.00615818
91.1476 -0
91.156 -0
91.2256 0.00572922
91.3653 -0
91.393 -0.0111574
91.4354 -0
91.6264 -0.00636696
91.6923 -0
91.8952 0.0061346
92 -0
92.0026 0.00611367
92.0499 0.00556497
92.0543 0.0059601
92.2141 0.00611279
92.2687 -0
92.3902 -0.00637299
92.4948 -0
92.6607 0.00607234
92.752 0.00610131
92.8771 -0
93.1476 -0
93.156 -0.00580697
93.2256 0.00572922
93.3653 -0
93.393 -0
93.4354 -0
93.6264 -0
93.6919 -0.00552126
93.8949 -0
93.9999 0.0055329
94.0029 -0.00611367
94.0499 -0
94.0539 0.0059601
94.2139 0.00611279
94.2689 0.00572783
94.3899 0.00637299
94.4949 -0
94.6609 -0.00607234
94.7519 -0.00610131
94.8769 -0
95.1479 -0.00600185
95.1559 0.0116139
95.2259 -0.00572922
95.3649 0.00619719
95.3929 -0
95.4349 -0
95.6269 -0
95.6919 -0
95.8949 -0
95.9999 -0
96.0029 -0
96.0499 -0
96.0539 0.0059601
96.2139 0.00611279
96.2689 -0.00572783
96.3899 0.00637299
96.4949 -0
96.6609 0.00607234
96.7519 -0.0122026
96.8769 -0
97.1479 -0
97.1559 0.00580697
97.2259 -0
97.3649 -0
97.3929 0.00557872
97.4349 -0
97.6269 0.00636696
97.6919 -0
97.8949 0.0061346
97.9999 -0.0055329
98.0029 -0.00611367
98.0499 -0.00556497
98.0539 -0.0059601
98.2139 -0.00611279
98.2689 -0
98.3899 -0
98.4949 -0
98.6609 0.00607234
98.7519 0.00610131
98.8769 -0.00615818
99.1479 -0
99.1559 0.00580697
99.2259 -0
99.3649 -0
99.3929 -0
99.4349 -0
99.6269 -0.00636696
99.6919 -0
99.8949 -0.0061346
99.9999 0.0055329
100.003 -0.00611367
100.05 0.00556497
100.054 -0.0059601
100.214 -0
100.269 -0
100.39 -0
100.495 -0
100.661 -0
100.752 0.00610131
100.877 0.00615818
101.148 -0
101.156 -0.0116139
101.226 -0
101.365 -0.00619719
101.393 -0
101.435 -0
101.627 -0.00636696
101.692 -0
101.895 -0
102 -0
102.003 0.00611367
102.05 -0
102.054 0.0059601
102.214 0.00611279
102.269 -0
102.39 0.00637299
102.495 -0
102.661 -0
102.752 -0
102.877 0.00615818
103.148 -0
103.156 -0.00580697
103.226 -0
103.365 -0
103.393 -0.00557872
103.435 -0
103.627 -0
103.692 -0
103.895 -0.0061346
104 -0
104.003 0.0122273
104.05 -0.00556497
104.054 0.0059601
104.214 0.00611279
104.269 -0
104.39 -0
104.495 0.00636943
104.661 -0
104.752 -0.00610131
104.877 -0
105.148 -0
105.156 -0
105.226 -0
105.365 -0.00619719
105.393 -0.00557872
105.435 -0
105.627 0.00636696
105.692 -0
105.895 -0
106 -0.0055329
106.003 -0.00611367
106.05 -0.00556497
106.054 0.0059601
106.214 -0.00611279
106.269 0.00572783
106.39 -0
106.495 0.00636943
106.661 0.00607234
106.752 -0
106.877 -0.00615818
107.148 -0.00600185
107.156 -0
107.226 -0.00572922
107.365 0.00619719
107.393 -0.00557872
107.435 0.00562802
107.627 -0
107.692 0.00552126
107.895 0.0122692
108 -0
108.003 -0.00611367
108.05 -0
108.054 -0
108.214 -0.00611279
108.269 -0
108.39 -0
108.495 -0.00636943
108.661 0.00607234
108.752 -0
108.877 -0
109.148 0.00600185
109.156 -0.00580697
109.226 0.00572922
109.365 0.00619719
109.393 0.00557872
109.435 -0.00562802
109.627 -0
109.692 -0.00552126
109.895 -0.0061346
110 -0
110.003 -0
110.05 -0
110.054 -0
110.214 -0
110.269 -0
110.39 -0
110.495 -0.00636943
110.661 -0.00607234
110.752 0.00610131
110.877 -0
111.148 0.00600185
111.156 0.00580697
111.226 -0
111.365 0.00619719
111.393 -0.00557872
111.435 -0.00562802
111.627 -0
111.692 -0
111.895 -0
112 -0.0055329
112.003 0.00611367
112.05 0.00556497
112.054 0.0059601
112.214 0.00611279
112.269 -0.00572783
112.39 -0
112.495 -0
112.661 0.00607234
112.752 -0
112.877 -0
113.148 -0
113.156 0.00580697
113.226 -0
113.365 -0.00619719
113.393 -0.00557872
113.435 -0
113.627 0.00636696
