19000  1
4.00918  0.0170091
4.0217  0.0471862
4.08379  0.0178556
4.12835  0.0165261
4.16029  0.0150851
4.16572  0.0485661
4.19804  0.0481004
4.22295  0.0224303
4.25276  0.0103837
4.28089  0.0509004
4.28803  0.0217577
4.30572  0.0103797
4.34737  0.0105289
4.41495  0.0190088
4.4423  0.0105911
4.45541  0.0242399
4.48609  0.0379018
4.54429  0.0482949
4.63798  0.0319697
4.64055  0.0358431
4.65489  -0
4.65711  -0
4.65872  0.0261788
4.69785  -0.015119
4.78055  0.0317649
4.81167  0.0268035
4.8748  0.0237689
4.89901  0.0342936
5.0407  0.044026
5.04627  0.039507
5.22226  0.0397224
5.23305  0.0312086
5.24151  0.0343575
5.24749  0.0383184
5.27919  0.0346693
5.39248  0.0374976
5.46289  0.0425532
5.48041  0.0369805
5.54356  0.0139028
5.58154  0.021739
5.59347  0.03011
5.65486  0.0388283
5.68148  0.0340028
5.71897  0.0251271
5.78622  0.0141014
5.85264  -0
5.9032  0.015173
5.90359  0.0221875
5.96075  0.0371126
5.99268  0.0235394
6.00918  0.0340182
6.0217  0.00674088
6.08379  0.0267834
6.12835  0.0247891
6.16029  0.0150851
6.16572  0.024283
6.19804  0.00601255
6.22295  0.0149535
6.25276  0.0519187
6.28089  0.0254502
6.28803  0.0326366
6.30572  0.0415186
6.34737  0.0421157
6.41495  0.0190088
6.4423  0.0211823
6.45541  0.0161599
6.48609  0.0379018
6.54429  0.0120737
6.63798  -0
6.64055  -0
6.65489  0.0590262
6.65711  0.0200523
6.65872  0.0174525
6.69785  0.0604762
6.78055  -0.00794121
6.81167  0.00893449
6.8748  0.0237689
6.89901  -0
7.0407  -0.0110065
7.04627  -0.0158028
7.22226  -0.00993059
7.23305  -0.0208057
7.24151  -0.0257682
7.24749  -0.0095796
7.27919  -0.026002
7.39248  -0.0281232
7.46289  -0.0319149
7.48041  -0.0369805
7.54356  -0.034757
7.58154  -0.0507244
7.59347  -0.0376375
7.65486  -0.0485353
7.68148  -0.0510041
7.71897  -0.0376906
7.78622  -0.0634564
7.85264  -0.102886
7.9032  -0.0531054
7.90359  -0.0591666
7.96075  -0.0649471
7.99268  -0.0706181
8.00918  -0.0680365
8.0217  -0.0876315
8.08379  -0.0803502
8.12835  -0.0826304
8.16029  -0.082968
8.16572  -0.0849906
8.19804  -0.144301
8.22295  -0.0971979
8.25276  -0.0934537
8.28089  -0.0890757
8.28803  -0.0870309
8.30572  -0.093417
8.34737  -0.0947604
8.41495  -0.104549
8.4423  -0.0953203
8.45541  -0.1212
8.48609  -0.138973
8.54429  -0.187143
8.63798  -0.143864
8.64055  -0.164878
8.65489  -0.162322
8.65711  -0.13034
8.65872  -0.148346
8.69785  -0.120952
8.78055  -0.166765
8.81167  -0.160821
8.8748  -0.178267
8.89901  -0.188615
9.0407  -0.18711
9.04627  -0.213338
9.22226  -0.228404
9.23305  -0.228863
9.24151  -0.231913
9.24749  -0.22991
9.27919  -0.251352
9.39248  -0.262484
9.46289  -0.276596
9.48041  -0.268109
9.54356  -0.312813
9.58154  -0.318839
9.59347  -0.323682
9.65486  -0.310626
9.68148  -0.323026
9.71897  -0.314088
9.78622  -0.359586
9.85264  -0.377248
9.9032  -0.386911
9.90359  -0.391979
9.96075  -0.380404
9.99268  -0.392323
10.0092  -0.39121
10.0217  -0.411194
10.0838  -0.410679
10.1283  -0.421415
10.1603  -0.437468
10.1657  -0.412812
10.198  -0.438916
10.223  -0.448606
10.2528  -0.446501
10.2809  -0.432653
10.288  -0.456912
10.3057  -0.467085
10.3474  -0.463273
10.415  -0.475221
10.4423  -0.487193
10.4554  -0.492878
10.4861  -0.467455
10.5443  -0.513134
10.638  -0.5275
10.6406  -0.530477
10.6549  -0.531236
10.6571  -0.541411
10.6587  -0.541028
10.6979  -0.559404
10.7806  -0.563826
10.8117  -0.571807
10.8748  -0.570455
10.899  -0.591564
11.0407  -0.616363
11.0463  -0.616309
11.2223  -0.66535
11.233  -0.665782
11.2415  -0.669972
11.2475  -0.670572
11.2792  -0.676051
11.3925  -0.703081
11.4629  -0.702128
11.4804  -0.72112
11.5436  -0.729897
11.5815  -0.73188
11.5935  -0.737694
11.6549  -0.757151
11.6815  -0.756562
11.719  -0.778939
11.7862  -0.768527
11.8526  -0.771644
11.9032  -0.788995
11.9036  -0.783958
11.9607  -0.797922
11.9927  -0.808184
12.0092  -0.816438
12.0217  -0.802165
12.0838  -0.821357
12.1283  -0.834567
12.1603  -0.82968
12.1657  -0.837765
12.198  -0.82372
12.223  -0.837398
12.2528  -0.851467
12.2809  -0.865307
12.288  -0.848551
12.3057  -0.851132
12.3474  -0.873901
12.415  -0.883911
12.4423  -0.889656
12.4554  -0.880716
12.4861  -0.897009
12.5443  -0.869309
12.638  -0.911136
12.6406  -0.896077
12.6549  -0.90015
12.6571  -0.912378
12.6587  -0.907531
12.6979  -0.907142
12.7806  -0.921181
12.8117  -0.929187
12.8748  -0.950758
12.899  -0.9345
13.0407  -0.968571
13.0463  -0.95607
13.2223  -0.973198
13.233  -0.977868
13.2415  -0.9706
13.2475  -0.977119
13.2792  -0.962072
13.3925  -0.974939
13.4804  -0.989229
13.5436  -0.959294
13.5815  -0.963763
13.5935  -0.963519
13.6549  -0.980414
13.6815  -0.97758
13.719  -0.979956
13.7862  -0.965947
13.8526  -0.937404
13.9032  -0.971071
13.9036  -0.968854
13.9607  -0.992763
13.9927  -0.97296
14.0092  -0.96952
14.0217  -0.957205
14.0838  -0.97313
14.1283  -0.958513
14.1603  -0.957904
14.1657  -0.983463
14.198  -0.937958
14.223  -0.957026
14.2528  -0.965688
14.2809  -0.979832
14.288  -0.979098
14.3057  -0.965309
14.3474  -0.958133
14.415  -0.959947
14.4423  -0.953203
14.4554  -0.945356
14.4861  -0.972813
14.5443  -0.917604
14.638  -0.927121
14.6406  -0.93192
14.6549  -0.94442
14.6571  -0.93243
14.6587  -0.924983
14.6979  -0.952499
14.7806  -0.921181
14.8117  -0.929187
14.8748  -0.915104
14.899  -0.90878
15.0407  -0.891526
15.0463  -0.884957
15.2223  -0.854031
15.233  -0.853034
15.2415  -0.850349
15.2475  -0.852584
15.2792  -0.849397
15.3925  -0.834323
15.4629  -0.808511
15.4804  -0.813571
15.5436  -0.806363
15.5815  -0.804343
15.5935  -0.805442
15.6549  -0.786273
15.6815  -0.782064
15.719  -0.766376
15.7862  -0.768527
15.8526  -0.74878
15.9032  -0.743476
15.9036  -0.739583
15.9607  -0.723696
15.9927  -0.721873
16.0092  -0.714383
16.0217  -0.728015
16.0838  -0.705296
16.1283  -0.702359
16.1603  -0.701457
16.1657  -0.679925
16.198  -0.697456
16.223  -0.687862
16.2528  -0.674943
16.2809  -0.64898
16.288  -0.663611
16.3057  -0.664298
16.3474  -0.652794
16.415  -0.636796
16.4423  -0.635469
16.4554  -0.638317
16.4861  -0.606429
16.5443  -0.639908
16.638  -0.607424
16.6406  -0.609332
16.6549  -0.590262
16.6571  -0.601568
16.6587  -0.602112
16.6979  -0.574523
16.7806  -0.579709
16.8117  -0.562873
16.8748  -0.534801
16.899  -0.55727
17.0407  -0.506299
17.0463  -0.529394
17.2223  -0.49653
17.233  -0.499337
17.2415  -0.498184
17.2475  -0.488559
17.2792  -0.494037
17.3925  -0.468721
17.4629  -0.446809
17.4804  -0.443766
17.5436  -0.465744
17.5815  -0.456519
17.5935  -0.45165
17.6549  -0.427111
17.6815  -0.425035
17.719  -0.414597
17.7862  -0.430093
17.8526  -0.462986
17.9032  -0.409671
17.9036  -0.421562
17.9607  -0.380404
17.9927  -0.400169
18.0092  -0.399714
18.0217  -0.417935
18.0838  -0.383895
18.1283  -0.388363
18.1603  -0.38467
18.1657  -0.352104
18.198  -0.414866
18.223  -0.381315
18.2528  -0.363431
18.2809  -0.343578
18.288  -0.337245
18.3057  -0.352908
18.3474  -0.347455
18.415  -0.342159
18.4423  -0.328325
18.4554  -0.355519
18.4861  -0.328482
18.5443  -0.380323
18.638  -0.335682
18.6406  -0.344093
18.6549  -0.309888
18.6571  -0.320836
18.6587  -0.340324
18.6979  -0.287262
18.7806  -0.32559
18.8117  -0.312707
18.8748  -0.320881
18.899  -0.308642
19.0407  -0.308182
19.0463  -0.308155
19.2223  -0.297918
19.233  -0.280877
19.2415  -0.309218
19.2475  -0.296968
19.2792  -0.303356
19.3925  -0.290607
19.4629  -0.297872
19.4804  -0.286599
19.5436  -0.29891
19.5815  -0.289853
19.5935  -0.286045
19.6549  -0.281505
19.6815  -0.289024
19.719  -0.301525
19.7862  -0.282028
19.8526  -0.314373
19.9032  -0.288287
19.9036  -0.281042
19.9607  -0.287623
19.9927  -0.282472
20.0092  -0.289155
20.0217  -0.276376
20.0838  -0.276762
20.1283  -0.280943
20.1603  -0.279074
20.1657  -0.291396
20.198  -0.28259
20.223  -0.27664
20.2528  -0.269977
20.2809  -0.292677
20.288  -0.28285
20.3057  -0.280251
20.3474  -0.284281
20.415  -0.275628
20.4423  -0.285961
20.4554  -0.274719
20.4861  -0.277946
20.5443  -0.271659
20.638  -0.271742
20.6406  -0.272407
20.6549  -0.280375
20.6571  -0.270705
20.6587  -0.261788
20.6979  -0.287262
20.7806  -0.270001
20.8117  -0.268035
20.8748  -0.285227
20.899  -0.257202
21.0407  -0.275162
21.0463  -0.260746
21.2223  -0.258195
21.233  -0.249668
21.2415  -0.249092
21.2475  -0.258649
21.2792  -0.26002
21.3925  -0.253109
21.4629  -0.255319
21.4804  -0.258864
21.5436  -0.243299
21.5815  -0.246375
21.5935  -0.24088
21.6549  -0.252384
21.6815  -0.255021
21.719  -0.251271
21.7862  -0.239724
21.8526  -0.217203
21.9032  -0.227595
21.9036  -0.229271
21.9607  -0.241232
21.9927  -0.227547
22.0092  -0.229623
22.0217  -0.208967
22.0838  -0.232123
22.1283  -0.223102
22.1603  -0.218734
22.1657  -0.24283
22.198  -0.204427
22.223  -0.216826
22.2528  -0.228442
22.2809  -0.229052
22.288  -0.228456
22.3057  -0.228353
22.3474  -0.221108
22.415  -0.218602
22.4423  -0.222414
22.4554  -0.210079
22.4861  -0.214777
22.5443  -0.19318
22.638  -0.19981
22.6406  -0.193553
22.6549  -0.236105
22.6571  -0.210549
22.6587  -0.20943
22.6979  -0.226786
22.7806  -0.190589
22.8117  -0.196559
22.8748  -0.190152
22.899  -0.205761
23.0407  -0.18711
23.0463  -0.189634
23.2223  -0.178751
23.233  -0.187251
23.2415  -0.171788
23.2475  -0.172433
23.2792  -0.173346
23.3925  -0.168739
23.4629  -0.170213
23.4804  -0.175657
23.5436  -0.166834
23.5815  -0.166666
23.5935  -0.165605
23.6549  -0.16502
23.6815  -0.161513
23.719  -0.150762
23.7862  -0.155116
23.8526  -0.148613
23.9032  -0.144143
23.9036  -0.155312
23.9607  -0.139172
23.9927  -0.149083
24.0092  -0.153082
24.0217  -0.148299
24.0838  -0.151773
24.1283  -0.140472
24.1603  -0.143308
24.1657  -0.145698
24.198  -0.144301
24.223  -0.142059
24.2528  -0.134989
24.2809  -0.139976
24.288  -0.141425
24.3057  -0.134936
24.3474  -0.136876
24.415  -0.133062
24.4423  -0.127094
24.4554  -0.129279
24.4861  -0.138973
24.5443  -0.138848
24.638  -0.135871
24.6406  -0.129035
24.6549  -0.132809
24.6571  -0.120314
24.6587  -0.13962
24.6979  -0.105833
24.7806  -0.119118
24.8117  -0.107214
24.8748  -0.130729
24.899  -0.128601
25.0407  -0.121071
25.0463  -0.126422
25.2223  -0.119167
25.233  -0.124834
25.2415  -0.120251
25.2475  -0.114955
25.2792  -0.121342
25.3925  -0.112493
25.4629  -0.12766
25.4804  -0.101696
25.5436  -0.118174
25.5815  -0.108695
25.5935  -0.112912
25.6549  -0.106778
25.6815  -0.110509
25.719  -0.125635
25.7862  -0.105761
25.8526  -0.120034
25.9032  -0.113797
25.9036  -0.125729
25.9607  -0.111338
25.9927  -0.10985
26.0092  -0.119064
26.0217  -0.114595
26.0838  -0.116061
26.1283  -0.10742
26.1603  -0.113138
26.1657  -0.121415
26.198  -0.114238
26.223  -0.112151
26.2528  -0.114221
26.2809  -0.139976
26.288  -0.119668
26.3057  -0.114176
26.3474  -0.126347
26.415  -0.114053
26.4423  -0.116503
26.4554  -0.10504
26.4861  -0.113705
26.5443  -0.102627
26.638  -0.103901
26.6406  -0.107529
26.6549  -0.118052
26.6571  -0.110287
26.6587  -0.104715
26.6979  -0.105833
26.7806  -0.103236
26.8117  -0.0982794
26.8748  -0.130729
26.899  -0.0943073
27.0407  -0.121071
27.0463  -0.0948168
27.2223  -0.109237
27.233  -0.104029
27.2415  -0.103073
27.2475  -0.105376
27.2792  -0.104008
27.3925  -0.103119
27.4629  -0.106383
27.4804  -0.101696
27.5436  -0.0903683
27.5815  -0.0942024
27.5935  -0.0978574
27.6549  -0.106778
27.6815  -0.0935076
27.719  -0.113072
27.7862  -0.0916592
27.8526  -0.0857382
27.9032  -0.0834514
27.9036  -0.0813541
27.9607  -0.10206
27.9927  -0.086311
28.0092  -0.0935501
28.0217  -0.0741497
28.0838  -0.0982058
28.1283  -0.0908935
28.1603  -0.0905106
28.1657  -0.0971321
28.198  -0.0721506
28.223  -0.0822444
28.2528  -0.114221
28.2809  -0.0890757
28.288  -0.0979098
28.3057  -0.0830373
28.3474  -0.105289
28.415  -0.0855398
28.4423  -0.0847291
28.4554  -0.0888796
28.4861  -0.0884375
28.5443  -0.0724424
28.638  -0.0799242
28.6406  -0.0788548
28.6549  -0.103296
28.6571  -0.0902352
28.6587  -0.0872626
28.6979  -0.105833
28.7806  -0.0794121
28.8117  -0.0804104
28.8748  -0.0950758
28.899  -0.0857339
29.0407  -0.0770454
29.0463  -0.0711126
29.2223  -0.0695142
29.233  -0.07282
29.2415  -0.0601257
29.2475  -0.0766368
29.2792  -0.0693385
29.3925  -0.0749953
29.4629  -0.0744681
29.4804  -0.073961
29.5436  -0.0764654
29.5815  -0.065217
29.5935  -0.0602199
29.6549  -0.0679495
29.6815  -0.0680055
29.719  -0.0628177
29.7862  -0.0705071
29.8526  -0.0628747
29.9032  -0.0606919
29.9036  -0.0591666
29.9607  -0.0649471
29.9927  -0.0706181
30.0092  -0.0680365
30.0217  -0.0674088
30.0838  -0.0714224
30.1283  -0.0578413
30.1603  -0.0603404
30.1657  -0.0607076
30.198  -0.0601255
30.223  -0.0672909
30.2528  -0.0623024
30.2809  -0.0763506
30.288  -0.0652732
30.3057  -0.0726576
30.3474  -0.0526447
30.415  -0.066531
30.4423  -0.074138
30.4554  -0.0565598
30.4861  -0.0758036
30.5443  -0.0664055
30.638  -0.0639393
30.6406  -0.0645175
30.6549  -0.0590262
30.6571  -0.0701829
30.6587  -0.0698101
30.6979  -0.0604762
30.7806  -0.0635297
30.8117  -0.0714759
30.8748  -0.0594224
30.899  -0.0600137
31.0407  -0.0770454
31.0463  -0.0711126
31.2223  -0.0695142
31.233  -0.07282
31.2415  -0.0601257
31.2475  -0.0670572
31.2792  -0.0693385
31.3925  -0.0656209
31.4629  -0.0744681
31.4804  -0.073961
31.5436  -0.0764654
31.5815  -0.0724634
31.5935  -0.0602199
31.6549  -0.0679495
31.6815  -0.0765062
31.719  -0.0628177
31.7862  -0.0705071
31.8526  -0.0628747
31.9032  -0.0606919
31.9036  -0.0739583
31.9607  -0.0649471
31.9927  -0.0706181
32.0092  -0.0680365
32.0217  -0.0674088
32.0838  -0.0714224
32.1283  -0.0743674
32.1603  -0.0754255
32.1657  -0.0728491
32.198  -0.0661381
32.223  -0.0672909
32.2528  -0.0623024
32.2809  -0.0763506
32.288  -0.0761521
32.3057  -0.0726576
32.3474  -0.0737025
32.415  -0.066531
32.4423  -0.074138
32.4554  -0.0727197
32.4861  -0.0758036
32.5443  -0.0664055
32.638  -0.0719318
32.6406  -0.0716861
32.6549  -0.0885393
32.6571  -0.0701829
32.6587  -0.0698101
32.6979  -0.0755952
32.7806  -0.0635297
32.8117  -0.0714759
32.8748  -0.0713068
32.899  -0.0771605
33.0407  -0.0770454
33.0463  -0.0711126
33.2223  -0.0794448
33.233  -0.07282
33.2415  -0.0687151
33.2475  -0.0670572
33.2792  -0.0693385
33.3925  -0.0656209
33.4629  -0.0744681
33.4804  -0.0647159
33.5436  -0.0625626
33.5815  -0.065217
33.5935  -0.0677474
33.6549  -0.0679495
33.6815  -0.0680055
33.719  -0.0628177
33.7862  -0.0564056
33.8526  -0.0571588
33.9032  -0.0606919
33.9036  -0.0591666
33.9607  -0.0649471
33.9927  -0.0549252
34.0092  -0.0680365
34.0217  -0.0539271
34.0838  -0.0624946
34.1283  -0.0661043
34.1603  -0.0603404
34.1657  -0.0607076
34.198  -0.0601255
34.223  -0.0598141
34.2528  -0.0623024
34.2809  -0.0636255
34.288  -0.0652732
34.3057  -0.062278
34.3474  -0.0631736
34.415  -0.0570265
34.4423  -0.0529557
34.4554  -0.0565598
34.4861  -0.0505357
34.5443  -0.0422581
34.638  -0.0479545
34.6406  -0.0501803
34.6549  -0.0590262
34.6571  -0.0501306
34.6587  -0.0610838
34.6979  -0.0604762
34.7806  -0.0476473
34.8117  -0.0446725
34.8748  -0.0594224
34.899  -0.042867
35.0407  -0.044026
35.0463  -0.039507
35.2223  -0.049653
35.233  -0.0312086
35.2415  -0.0429469
35.2475  -0.047898
35.2792  -0.0433366
35.3925  -0.0468721
35.4629  -0.0319149
35.4804  -0.0369805
35.5436  -0.034757
35.5815  -0.0289853
35.5935  -0.03011
35.6549  -0.0388283
35.6815  -0.0340028
35.719  -0.0376906
35.7862  -0.0352535
35.8526  -0.0342953
35.9032  -0.030346
35.9036  -0.0295833
35.9607  -0.0371126
35.9927  -0.0313858
36.0092  -0.0340182
36.0217  -0.0269635
36.0838  -0.0357112
36.1283  -0.0330522
36.1603  -0.0301702
36.1657  -0.024283
36.198  -0.0300628
36.223  -0.0299071
36.2528  -0.0311512
36.2809  -0.0381753
36.288  -0.0326366
36.3057  -0.031139
36.3474  -0.0210579
36.415  -0.0285133
36.4423  -0.0317734
36.4554  -0.0242399
36.4861  -0.0252679
36.5443  -0.0301843
36.638  -0.0239773
36.6406  -0.0215058
36.6549  -0.0147566
36.6571  -0.0300784
36.6587  -0.0261788
36.6979  -0.015119
36.7806  -0.0238236
36.8117  -0.035738
36.8748  -0.0356534
36.899  -0.0257202
37.0407  -0.0330195
37.0463  -0.0237042
37.2223  -0.0198612
37.233  -0.0312086
37.2415  -0.0171788
37.2475  -0.0287388
37.2792  -0.026002
37.3925  -0.0281232
37.4629  -0.0319149
37.4804  -0.0369805
37.5436  -0.0278056
37.5815  -0.0289853
37.5935  -0.03011
37.6549  -0.0194141
37.6815  -0.0340028
37.719  -0.0251271
37.7862  -0.0352535
37.8526  -0.0342953
37.9032  -0.030346
37.9036  -0.0295833
37.9607  -0.0371126
37.9927  -0.0313858
38.0092  -0.0340182
38.0217  -0.0269635
38.0838  -0.0267834
38.1283  -0.0247891
38.1603  -0.0301702
38.1657  -0.024283
38.198  -0.0300628
38.223  -0.0299071
38.2528  -0.0103837
38.2809  -0.0381753
38.288  -0.0326366
38.3057  -0.031139
38.3474  -0.0210579
38.415  -0.0285133
38.4423  -0.0317734
38.4554  -0.0242399
38.4861  -0.0252679
38.5443  -0.0241475
38.638  -0.0239773
38.6406  -0.0215058
38.6549  -0.0442697
38.6571  -0.0300784
38.6587  -0.0261788
38.6979  -0.0302381
38.7806  -0.0317649
38.8117  -0.035738
38.8748  -0.0118845
38.899  -0.0257202
39.0407  -0.0330195
39.0463  -0.0237042
39.2223  -0.0198612
39.233  -0.0312086
39.2415  -0.0171788
39.2475  -0.0095796
39.2792  -0.0173346
39.3925  -0.0187488
39.4629  -0.0319149
39.4804  -0.0277354
39.5436  -0.0208542
39.5815  -0.0144927
39.5935  -0.0225825
39.6549  -0.00970707
39.6815  -0.0170014
39.719  -0.0125635
39.7862  -0.00705071
39.8526  0.00571588
39.9032  -0
39.9036  -0.00739583
39.9607  -0
39.9927  -0.00784645
40.0092  -0.00850456
40.0217  -0.00674088
40.0838  -0.0089278
40.1283  -0
40.1603  -0
40.1657  -0
40.198  0.0120251
40.223  0.00747676
40.2528  -0.0103837
40.2809  0.0127251
40.288  -0
40.3057  -0
40.3474  -0.0105289
40.415  0.0190088
40.4423  0.0211823
40.4554  -0
40.4861  -0
40.5443  0.0241475
40.638  0.0159848
40.6406  0.0215058
40.6549  -0
40.6571  0.0200523
40.6587  0.00872626
40.6979  0.015119
40.7806  0.0238236
40.8117  0.035738
40.8748  0.0237689
40.899  0.0257202
41.0407  0.044026
41.0463  0.0316056
41.2223  0.0397224
41.233  0.0416114
41.2415  0.0343575
41.2475  0.0383184
41.2792  0.0346693
41.3925  0.0468721
41.4629  0.0531915
41.4804  0.0647159
41.5436  0.0556112
41.5815  0.0579707
41.5935  0.0602199
41.6549  0.0582424
41.6815  0.0680055
41.719  0.0753812
41.7862  0.0564056
41.8526  0.045727
41.9032  0.0606919
41.9036  0.0591666
41.9607  0.0742253
41.9927  0.0627716
42.0092  0.0680365
42.0217  0.0539271
42.0838  0.0714224
42.1283  0.0661043
42.1603  0.0603404
42.1657  0.0849906
42.198  0.0481004
42.223  0.0598141
42.2528  0.0830699
42.2809  0.0890757
42.288  0.0870309
42.3057  0.0830373
42.3474  0.0842315
42.415  0.0760354
42.4423  0.0847291
42.4554  0.0646397
42.4861  0.101071
42.5443  0.0482949
42.638  0.0639393
42.6406  0.0573489
42.6549  0.118052
42.6571  0.080209
42.6587  0.0698101
42.6979  0.120952
42.7806  0.0635297
42.8117  0.0714759
42.8748  0.0950758
42.899  0.0685871
43.0407  0.0880519
43.0463  0.0632112
43.2223  0.0794448
43.233  0.0832228
43.2415  0.0687151
43.2475  0.0766368
43.2792  0.0693385
43.3925  0.0749953
43.4629  0.0851064
43.4804  0.073961
43.5436  0.0556112
43.5815  0.0579707
43.5935  0.0602199
43.6549  0.0776566
43.6815  0.0680055
43.719  0.100508
43.7862  0.0564056
43.8526  0.045727
43.9032  0.0606919
43.9036  0.0591666
43.9607  0.0742253
43.9927  0.0627716
44.0092  0.0680365
44.0217  0.0539271
44.0838  0.0714224
44.1283  0.0661043
44.1603  0.0603404
44.1657  0.0971321
44.198  0.0481004
44.223  0.0598141
44.2528  0.0830699
44.2809  0.101801
44.288  0.0870309
44.3057  0.0830373
44.3474  0.0842315
44.415  0.0760354
44.4423  0.0847291
44.4554  0.0646397
44.4861  0.101071
44.5443  0.0482949
44.638  0.0639393
44.6406  0.0573489
44.6549  0.118052
44.6571  0.080209
44.6587  0.0698101
44.6979  0.120952
44.7806  0.0635297
44.8117  0.0714759
44.8748  0.0950758
44.899  0.0685871
45.0407  0.0880519
45.0463  0.0632112
45.2223  0.0794448
45.233  0.0832228
45.2415  0.0687151
45.2475  0.0766368
45.2792  0.0693385
45.3925  0.0749953
45.4629  0.0851064
45.4804  0.073961
45.5436  0.0556112
45.5815  0.0579707
45.5935  0.0602199
45.6549  0.0776566
45.6815  0.0680055
45.719  0.100508
45.7862  0.0564056
45.8526  0.045727
45.9032  0.0606919
45.9036  0.0591666
45.9607  0.0742253
45.9927  0.0627716
46.0092  0.0680365
46.0217  0.0539271
46.0838  0.0714224
46.1283  0.0661043
46.1603  0.0603404
46.1657  0.0607076
46.198  0.0481004
46.223  0.0523373
46.2528  0.0623024
46.2809  0.0509004
46.288  0.0543943
46.3057  0.062278
46.3474  0.0526447
46.415  0.0570265
46.4423  0.0423646
46.4554  0.0403998
46.4861  0.0379018
46.5443  0.0362212
46.638  0.0319697
46.6406  0.0286745
46.6549  0.0295131
46.6571  0.0300784
46.6587  0.034905
46.6979  0.0302381
46.7806  0.0238236
46.8117  0.0268035
46.8748  0.0237689
46.899  0.0171468
47.0407  0.0110065
47.0463  0.0158028
47.2223  -0
47.233  -0.0104029
47.2415  -0
47.2475  -0
47.2792  -0.00866732
47.3925  -0.00937441
47.4629  -0.0212766
47.4804  -0.00924513
47.5436  -0.0208542
47.5815  -0.021739
47.5935  -0.0225825
47.6549  -0.0291212
47.6815  -0.0255021
47.719  -0.0251271
47.7862  -0.0282028
47.8526  -0.0171476
47.9032  -0.030346
47.9036  -0.0369792
47.9607  -0.0371126
47.9927  -0.0392323
48.0092  -0.0425228
48.0217  -0.0404453
48.0838  -0.044639
48.1283  -0.0413152
48.1603  -0.0452553
48.1657  -0.0485661
48.198  -0.0420879
48.223  -0.0373838
48.2528  -0.041535
48.2809  -0.0509004
48.288  -0.0543943
48.3057  -0.0518983
48.3474  -0.0421157
48.415  -0.0570265
48.4423  -0.0529557
48.4554  -0.0565598
48.4861  -0.0631697
48.5443  -0.0422581
48.638  -0.0559469
48.6406  -0.0573489
48.6549  -0.0590262
48.6571  -0.0601568
48.6587  -0.0610838
48.6979  -0.0604762
48.7806  -0.0555885
48.8117  -0.0625414
48.8748  -0.0594224
48.899  -0.0600137
49.0407  -0.0550324
49.0463  -0.0632112
49.2223  -0.0695142
49.233  -0.07282
49.2415  -0.0687151
49.2475  -0.0574776
49.2792  -0.0606712
49.3925  -0.0749953
49.4629  -0.0638298
49.4804  -0.0647159
49.5436  -0.0556112
49.5815  -0.0579707
49.5935  -0.0602199
49.6549  -0.0679495
49.6815  -0.0595048
49.719  -0.0753812
49.7862  -0.0634564
49.8526  -0.0514429
49.9032  -0.0606919
49.9036  -0.0591666
49.9607  -0.0649471
49.9927  -0.0549252
50.0092  -0.0595319
50.0217  -0.0539271
50.0838  -0.0535668
50.1283  -0.0578413
50.1603  -0.0527978
50.1657  -0.0607076
50.198  -0.0481004
50.223  -0.0523373
50.2528  -0.0623024
50.2809  -0.0509004
50.288  -0.0652732
50.3057  -0.0726576
50.3474  -0.0526447
50.415  -0.0570265
50.4423  -0.0529557
50.4554  -0.0484798
50.4861  -0.0505357
50.5443  -0.0422581
50.638  -0.0479545
50.6406  -0.0501803
50.6549  -0.0442697
50.6571  -0.0501306
50.6587  -0.0523575
50.6979  -0.0604762
50.7806  -0.0476473
50.8117  -0.0536069
50.8748  -0.0475379
50.899  -0.042867
51.0407  -0.044026
51.0463  -0.039507
51.2223  -0.0397224
51.233  -0.0312086
51.2415  -0.0429469
51.2475  -0.0287388
51.2792  -0.0346693
51.3925  -0.0281232
51.4629  -0.0212766
51.4804  -0.0277354
51.5436  -0.0278056
51.5815  -0.0289853
51.5935  -0.03011
51.6549  -0.0291212
51.6815  -0.0170014
51.719  -0.0251271
51.7862  -0.0141014
51.8526  -0.0228635
51.9032  -0.0227595
51.9036  -0.00739583
51.9607  -0.0185563
51.9927  -0.0156929
52.0092  -0.0170091
52.0217  -0.0134818
52.0838  -0.0089278
52.1283  -0.0165261
52.1603  -0.00754255
52.1657  -0
52.198  -0.0180377
52.223  -0.00747676
52.2528  -0.0103837
52.2809  -0
52.288  -0
52.3057  -0
52.3474  -0.0105289
52.415  0.00950442
52.4423  -0
52.4554  -0.00807997
52.4861  -0
52.5443  -0.0181106
52.638  -0
52.6406  -0.00716861
52.6549  -0.0147566
52.6571  -0
52.6587  -0
52.6979  0.015119
52.7806  -0.00794121
52.8117  -0
52.8748  -0.0118845
52.899  -0
53.0407  -0
53.0463  -0
53.2223  0.00993059
53.233  -0
53.2415  -0
53.2475  -0.0095796
53.2792  -0
53.3925  0.00937441
53.4629  -0
53.4804  -0
53.5436  -0.0069514
53.5815  -0.00724634
53.5935  -0
53.6549  0.00970707
53.6815  -0.00850069
53.719  0.0125635
53.7862  -0.00705071
53.8526  -0.0171476
53.9032  -0.00758649
53.9036  -0.00739583
53.9607  -0.00927816
53.9927  -0.00784645
54.0092  -0.00850456
54.0217  -0.0134818
54.0838  -0.0089278
54.1283  -0
54.1603  -0.00754255
54.1657  -0
54.198  -0.0180377
54.223  -0.00747676
54.2528  0.0103837
54.2809  -0.0127251
54.288  -0
54.3057  -0
54.3474  -0
54.415  -0.00950442
54.4423  -0.0105911
54.4554  -0.00807997
54.4861  -0.0126339
54.5443  -0.0181106
54.638  -0.00799242
54.6406  -0.0215058
54.6549  -0.0147566
54.6571  -0.0100261
54.6587  -0.00872626
54.6979  -0.015119
54.7806  -0.0158824
54.8117  -0.00893449
54.8748  -0.0118845
54.899  -0.0257202
55.0407  -0.022013
55.0463  -0.0158028
55.2223  -0.0198612
55.233  -0.0208057
55.2415  -0.00858938
55.2475  -0.0095796
55.2792  -0.00866732
55.3925  -0.0281232
55.4629  -0.0212766
55.4804  -0.0277354
55.5436  -0.0139028
55.5815  -0.021739
55.5935  -0.015055
55.6549  -0.0291212
55.6815  -0.0170014
55.719  -0.0125635
55.7862  -0.0211521
55.8526  -0.0171476
55.9032  -0.015173
55.9036  -0.0221875
55.9607  -0.00927816
55.9927  -0.0235394
56.0092  -0.0255137
56.0217  -0.0202227
56.0838  -0.0267834
56.1283  -0.0247891
56.1603  -0.0226276
56.1657  -0.024283
56.198  -0.0180377
56.223  -0.0224303
56.2528  -0.0207675
56.2809  -0.0127251
56.288  -0.0326366
56.3057  -0.031139
56.3474  -0.0210579
56.415  -0.0190088
56.4423  -0.0105911
56.4554  -0.0242399
56.4861  -0.0252679
56.5443  -0.0181106
56.638  -0.0239773
56.6406  -0.0215058
56.6549  -0.0295131
56.6571  -0.0200523
56.6587  -0.0261788
56.6979  -0.015119
56.7806  -0.0238236
56.8117  -0.017869
56.8748  -0.0118845
56.899  -0.0257202
57.0407  -0.0110065
57.0463  -0.0158028
57.2223  -0.0198612
57.233  -0.0208057
57.2415  -0.0171788
57.2475  -0.0191592
57.2792  -0.0173346
57.3925  -0.0281232
57.4629  -0.0212766
57.4804  -0.00924513
57.5436  -0.0139028
57.5815  -0.0144927
57.5935  -0.015055
57.6549  -0.0291212
57.6815  -0.00850069
57.719  -0.0125635
57.7862  -0.00705071
57.8526  -0.00571588
57.9032  -0.00758649
57.9036  -0.00739583
57.9607  -0.00927816
57.9927  -0.00784645
58.0092  -0.0170091
58.0217  -0.0134818
58.0838  -0.0089278
58.1283  -0.0165261
58.1603  -0.00754255
58.1657  -0.0121415
58.198  -0.00601255
58.223  -0.00747676
58.2528  -0.0207675
58.2809  -0.0127251
58.288  -0.0108789
58.3057  -0.0103797
58.3474  -0.0105289
58.415  -0.00950442
58.4423  -0.0105911
58.4554  -0.00807997
58.4861  -0
58.5443  -0.00603687
58.638  -0.00799242
58.6406  -0.00716861
58.6549  -0
58.6571  -0.0100261
58.6587  -0.00872626
58.6979  -0
58.7806  -0.00794121
58.8117  -0.00893449
58.8748  -0.0118845
58.899  -0
59.0407  -0
59.0463  -0
59.2223  -0.00993059
59.233  -0
59.2415  -0.00858938
59.2475  -0.0095796
59.2792  -0.00866732
59.3925  -0
59.4629  -0
59.4804  -0
59.5436  -0.0069514
59.5815  -0
59.5935  -0.00752749
59.6549  -0
59.6815  -0.00850069
59.719  -0
59.7862  -0.00705071
59.8526  -0.0114318
59.9032  -0.00758649
59.9036  -0.00739583
59.9607  -0.00927816
59.9927  -0
60.0092  -0
60.0217  -0.00674088
60.0838  -0.0089278
60.1283  -0.00826304
60.1603  -0.00754255
60.1657  -0
60.198  -0.00601255
60.223  -0.00747676
60.2528  -0
60.2809  -0.0127251
60.288  -0
60.3057  -0
60.3474  -0.0105289
60.415  -0.00950442
60.4423  -0.0105911
60.4554  -0.00807997
60.4861  -0
60.5443  -0.00603687
60.638  -0.00799242
60.6406  -0.00716861
60.6549  -0
60.6571  -0.0100261
60.6587  -0.00872626
60.6979  -0
60.7806  -0.00794121
60.8117  -0.00893449
60.8748  -0.0118845
60.899  -0.00857339
61.0407  -0.0110065
61.0463  -0.0079014
61.2223  -0.00993059
61.233  -0
61.2415  -0
61.2475  -0.0095796
61.2792  -0.00866732
61.3925  -0.00937441
61.4629  -0
61.4804  -0.00924513
61.5436  -0.0069514
61.5815  -0.0144927
61.5935  -0.00752749
61.6549  -0
61.6815  -0.00850069
61.719  -0
61.7862  -0.0141014
61.8526  -0.0114318
61.9032  -0.00758649
61.9036  -0.00739583
61.9607  -0.00927816
61.9927  -0.00784645
62.0092  -0
62.0217  -0.00674088
62.0838  -0.0089278
62.1283  -0.00826304
62.1603  -0.00754255
62.1657  -0.0121415
62.198  -0.00601255
62.223  -0.00747676
62.2528  -0
62.2809  -0.0127251
62.288  -0
62.3057  -0
62.3474  -0.0105289
62.415  -0.00950442
62.4423  -0.0105911
62.4554  -0.00807997
62.4861  -0
62.5443  -0.00603687
62.638  -0.00799242
62.6406  -0.00716861
62.6549  -0.0147566
62.6571  -0.0100261
62.6587  -0.00872626
62.6979  -0.015119
62.7806  -0.00794121
62.8117  -0.00893449
62.8748  -0
62.899  -0.00857339
63.0407  -0.0110065
63.0463  -0.0079014
63.2223  -0
63.233  -0
63.2415  -0
63.2475  -0.0095796
63.2792  -0
63.3925  -0
63.4629  -0
63.4804  -0.00924513
63.5436  -0.0069514
63.5815  -0.00724634
63.5935  -0
63.6549  -0
63.6815  -0.00850069
63.719  -0
63.7862  -0.00705071
63.8526  -0.00571588
63.9032  -0.00758649
63.9036  -0.00739583
63.9607  -0
63.9927  -0.00784645
64.0092  -0
64.0217  -0.00674088
64.0838  -0.0089278
64.1283  -0.00826304
64.1603  -0
64.1657  -0
64.198  -0.00601255
64.223  -0.00747676
64.2528  -0
64.2809  -0
64.288  -0
64.3057  -0
64.3474  -0.0105289
64.415  -0
64.4423  -0
64.4554  -0.00807997
64.4861  -0
64.5443  -0.00603687
64.638  -0.00799242
64.6406  -0.00716861
64.6549  -0
64.6571  -0
64.6587  -0.00872626
64.6979  -0
64.7806  -0
64.8117  -0
64.8748  -0
64.899  -0.00857339
65.0407  -0
65.0463  -0.0079014
65.2223  -0.00993059
65.233  -0
65.2415  -0
65.2475  -0.0095796
65.2792  -0.00866732
65.3925  -0
65.4629  -0
65.4804  -0
65.5436  -0.0069514
65.5815  -0
65.5935  -0
65.6549  -0
65.6815  -0.00850069
65.719  -0
65.7862  -0.00705071
65.8526  -0.00571588
65.9032  -0.00758649
65.9036  -0.00739583
65.9607  -0
65.9927  -0.00784645
66.0092  -0.00850456
66.0217  -0.00674088
66.0838  -0.0089278
66.1283  -0.00826304
66.1603  -0.00754255
66.1657  -0.0121415
66.198  -0.0120251
66.223  -0.00747676
66.2528  -0.0103837
66.2809  -0
66.288  -0
66.3057  -0
66.3474  -0.0105289
66.415  -0.00950442
66.4423  -0.0105911
66.4554  -0.00807997
66.4861  -0
66.5443  -0.00603687
66.638  -0.00799242
66.6406  -0.00716861
66.6549  -0
66.6571  -0.0100261
66.6587  -0.00872626
66.6979  -0
66.7806  -0.00794121
66.8117  -0.00893449
66.8748  -0.0118845
66.899  -0.00857339
67.0407  -0.0110065
67.0463  -0.0079014
67.2223  -0.00993059
67.233  -0.0104029
67.2415  -0.00858938
67.2475  -0.0095796
67.2792  -0.00866732
67.3925  -0.00937441
67.4629  -0
67.4804  -0.00924513
67.5436  -0.0069514
67.5815  -0.00724634
67.5935  -0.00752749
67.6549  -0.00970707
67.6815  -0.00850069
67.719  -0.0125635
67.7862  -0.00705071
67.8526  -0.00571588
67.9032  -0.00758649
67.9036  -0.00739583
67.9607  -0.00927816
67.9927  -0.00784645
68.0092  -0.00850456
68.0217  -0.00674088
68.0838  -0.0089278
68.1283  -0.00826304
68.1603  -0.00754255
68.1657  -0.0121415
68.198  -0.00601255
68.223  -0.00747676
68.2528  -0.0103837
68.2809  -0
68.288  -0
68.3057  -0.0103797
68.3474  -0.0105289
68.415  -0.00950442
68.4423  -0.0105911
68.4554  -0.00807997
68.4861  -0
68.5443  -0.00603687
68.638  -0.00799242
68.6406  -0.00716861
68.6549  -0.0147566
68.6571  -0.0100261
68.6587  -0.00872626
68.6979  -0
68.7806  -0.00794121
68.8117  -0.00893449
68.8748  -0.0118845
68.899  -0.00857339
69.0407  -0.0110065
69.0463  -0
69.2223  -0
69.233  -0.0104029
69.2415  -0
69.2475  -0.0095796
69.2792  -0.00866732
69.3925  -0
69.4629  -0
69.4804  -0.00924513
69.5436  -0.0069514
69.5815  -0.00724634
69.5935  -0
69.6549  -0
69.6815  -0.00850069
69.719  -0
69.7862  -0.00705071
69.8526  -0.00571588
69.9032  -0.00758649
69.9036  -0.00739583
69.9607  -0.00927816
69.9927  -0
70.0092  -0
70.0217  -0.00674088
70.0838  -0
70.1283  -0
70.1603  -0
70.1657  0.0121415
70.198  -0.00601255
70.223  -0.00747676
70.2528  -0
70.2809  -0.0127251
70.288  -0
70.3057  -0
70.3474  -0
70.415  -0
70.4423  -0
70.4554  -0
70.4861  -0
70.5443  -0.00603687
70.638  -0.00799242
70.6406  -0.00716861
70.6549  -0
70.6571  -0
70.6587  -0.00872626
70.6979  -0
70.7806  -0.00794121
70.8117  -0.00893449
70.8748  -0
70.899  -0.00857339
71.0407  -0.0110065
71.0463  -0.0079014
71.2223  -0
71.233  -0
71.2415  -0
71.2475  -0
71.2792  -0.00866732
71.3925  -0
71.4629  -0
71.4804  -0.00924513
71.5436  -0.0069514
71.5815  -0.00724634
71.5935  -0.00752749
71.6549  -0
71.6815  -0.00850069
71.719  -0
71.7862  -0.0141014
71.8526  -0.0171476
71.9032  -0.00758649
71.9036  -0.00739583
71.9607  -0.00927816
71.9927  -0.0156929
72.0092  -0.00850456
72.0217  -0.0134818
72.0838  -0.0089278
72.1283  -0.00826304
72.1603  -0.0150851
72.1657  -0.0121415
72.198  -0.0180377
72.223  -0.00747676
72.2528  -0.0103837
72.2809  -0.0127251
72.288  -0.0108789
72.3057  -0.0103797
72.3474  -0.0105289
72.415  -0.0190088
72.4423  -0.0105911
72.4554  -0.0242399
72.4861  -0.0126339
72.5443  -0.0241475
72.638  -0.0239773
72.6406  -0.0215058
72.6549  -0.0147566
72.6571  -0.0100261
72.6587  -0.0261788
72.6979  -0.015119
72.7806  -0.0238236
72.8117  -0.017869
72.8748  -0.0237689
72.899  -0.0257202
73.0407  -0.022013
73.0463  -0.0237042
73.2223  -0.0297918
73.233  -0.0416114
73.2415  -0.0343575
73.2475  -0.0287388
73.2792  -0.0346693
73.3925  -0.0374976
73.4629  -0.0425532
73.4804  -0.0277354
73.5436  -0.034757
73.5815  -0.0289853
73.5935  -0.045165
73.6549  -0.0485353
73.6815  -0.0340028
73.719  -0.0502541
73.7862  -0.0423042
73.8526  -0.0400112
73.9032  -0.0455189
73.9036  -0.0517708
73.9607  -0.0463908
73.9927  -0.0392323
74.0092  -0.0425228
74.0217  -0.0471862
74.0838  -0.044639
74.1283  -0.0495783
74.1603  -0.0527978
74.1657  -0.0607076
74.198  -0.0481004
74.223  -0.0523373
74.2528  -0.0519187
74.2809  -0.0381753
74.288  -0.0543943
74.3057  -0.0518983
74.3474  -0.0631736
74.415  -0.0570265
74.4423  -0.0529557
74.4554  -0.0565598
74.4861  -0.0379018
74.5443  -0.0482949
74.638  -0.0559469
74.6406  -0.0501803
74.6549  -0.0442697
74.6571  -0.0601568
74.6587  -0.0610838
74.6979  -0.0453571
74.7806  -0.0555885
74.8117  -0.0536069
74.8748  -0.0594224
74.899  -0.0600137
75.0407  -0.0550324
75.0463  -0.0553098
75.2223  -0.0695142
75.233  -0.0520143
75.2415  -0.0601257
75.2475  -0.0670572
75.2792  -0.0606712
75.3925  -0.0656209
75.4629  -0.0531915
75.4804  -0.0647159
75.5436  -0.0556112
75.5815  -0.0579707
75.5935  -0.0602199
75.6549  -0.0582424
75.6815  -0.0595048
75.719  -0.0628177
75.7862  -0.0564056
75.8526  -0.0571588
75.9032  -0.0606919
75.9036  -0.0517708
75.9607  -0.0556689
75.9927  -0.0549252
76.0092  -0.0595319
76.0217  -0.0539271
76.0838  -0.0535668
76.1283  -0.0578413
76.1603  -0.0527978
76.1657  -0.0485661
76.198  -0.0481004
76.223  -0.0598141
76.2528  -0.0519187
76.2809  -0.0636255
76.288  -0.0543943
76.3057  -0.0518983
76.3474  -0.0631736
76.415  -0.0570265
76.4423  -0.0529557
76.4554  -0.0484798
76.4861  -0.0505357
76.5443  -0.0482949
76.638  -0.0559469
76.6406  -0.0501803
76.6549  -0.0442697
76.6571  -0.0601568
76.6587  -0.0523575
76.6979  -0.0453571
76.7806  -0.0555885
76.8117  -0.0536069
76.8748  -0.0475379
76.899  -0.042867
77.0407  -0.0550324
77.0463  -0.0553098
77.2223  -0.0397224
77.233  -0.0312086
77.2415  -0.0343575
77.2475  -0.0383184
77.2792  -0.0433366
77.3925  -0.0281232
77.4629  -0.0319149
77.4804  -0.0369805
77.5436  -0.034757
77.5815  -0.0362317
77.5935  -0.03011
77.6549  -0.0291212
77.6815  -0.0340028
77.719  -0.0251271
77.7862  -0.0282028
77.8526  -0.0228635
77.9032  -0.0227595
77.9036  -0.0221875
77.9607  -0.0278345
77.9927  -0.0156929
78.0092  -0.0170091
78.0217  -0.0134818
78.0838  -0.0178556
78.1283  -0.00826304
78.1603  -0.0150851
78.1657  -0.024283
78.198  -0.0120251
78.223  -0.00747676
78.2528  -0.0103837
78.2809  -0.0127251
78.288  -0.0108789
78.3057  -0
78.3474  -0
78.415  -0.00950442
78.4423  -0.0211823
78.4554  -0.00807997
78.4861  -0
78.5443  -0.00603687
78.638  -0
78.6406  -0
78.6549  -0.0147566
78.6571  -0
78.6587  -0
78.6979  -0.015119
78.7806  -0
78.8117  -0
78.8748  0.0118845
78.899  0.00857339
79.0407  0.0110065
79.0463  -0
79.2223  0.0198612
79.233  0.0208057
79.2415  0.0171788
79.2475  0.0287388
79.2792  0.0173346
79.3925  0.0281232
79.4629  0.0212766
79.4804  0.0184903
79.5436  0.0208542
79.5815  0.021739
79.5935  0.0225825
79.6549  0.0194141
79.6815  0.0340028
79.719  0.0251271
79.7862  0.0282028
79.8526  0.0342953
79.9032  0.0455189
79.9036  0.0295833
79.9607  0.0371126
79.9927  0.0313858
80.0092  0.0340182
80.0217  0.0404453
80.0838  0.0357112
80.1283  0.0413152
80.1603  0.0301702
80.1657  0.0485661
80.198  0.0360753
80.223  0.0448606
80.2528  0.041535
80.2809  0.0636255
80.288  0.0435155
80.3057  0.0415186
80.3474  0.0421157
80.415  0.0380177
80.4423  0.0635469
80.4554  0.0484798
80.4861  0.0379018
80.5443  0.0482949
80.638  0.0479545
80.6406  0.0501803
80.6549  0.0442697
80.6571  0.0501306
80.6587  0.0436313
80.6979  0.0604762
80.7806  0.0635297
80.8117  0.0625414
80.8748  0.0594224
80.899  0.0514404
81.0407  0.0770454
81.0463  0.0632112
81.2223  0.0595836
81.233  0.0624171
81.2415  0.0515363
81.2475  0.0574776
81.2792  0.0520039
81.3925  0.0562465
81.4629  0.0531915
81.4804  0.073961
81.5436  0.0556112
81.5815  0.0579707
81.5935  0.0602199
81.6549  0.0582424
81.6815  0.0680055
81.719  0.0753812
81.7862  0.0564056
81.8526  0.045727
81.9032  0.0606919
81.9036  0.0591666
81.9607  0.0649471
81.9927  0.0627716
82.0092  0.0595319
82.0217  0.0539271
82.0838  0.0714224
82.1283  0.0578413
82.1603  0.0603404
82.1657  0.0728491
82.198  0.0481004
82.223  0.0598141
82.2528  0.0623024
82.2809  0.0636255
82.288  0.0761521
82.3057  0.062278
82.3474  0.0631736
82.415  0.066531
82.4423  0.0635469
82.4554  0.0646397
82.4861  0.0758036
82.5443  0.0482949
82.638  0.0639393
82.6406  0.0573489
82.6549  0.0885393
82.6571  0.0601568
82.6587  0.0698101
82.6979  0.0755952
82.7806  0.0635297
82.8117  0.0714759
82.8748  0.0594224
82.899  0.0685871
83.0407  0.0770454
83.0463  0.0632112
83.2223  0.0595836
83.233  0.0832228
83.2415  0.0687151
83.2475  0.0670572
83.2792  0.0693385
83.3925  0.0656209
83.4629  0.0744681
83.4804  0.073961
83.5436  0.0556112
83.5815  0.0579707
83.5935  0.0602199
83.6549  0.0679495
83.6815  0.0680055
83.719  0.0628177
83.7862  0.0564056
83.8526  0.045727
83.9032  0.0606919
83.9036  0.0591666
83.9607  0.0649471
83.9927  0.0627716
84.0092  0.0680365
84.0217  0.0539271
84.0838  0.0714224
84.1283  0.0661043
84.1603  0.0603404
84.1657  0.0728491
84.198  0.0481004
84.223  0.0598141
84.2528  0.0623024
84.2809  0.0636255
84.288  0.0652732
84.3057  0.062278
84.3474  0.0631736
84.415  0.066531
84.4423  0.0635469
84.4554  0.0646397
84.4861  0.0758036
84.5443  0.0482949
84.638  0.0639393
84.6406  0.0573489
84.6549  0.0590262
84.6571  0.0701829
84.6587  0.0698101
84.6979  0.0604762
84.7806  0.0635297
84.8117  0.0714759
84.8748  0.0594224
84.899  0.0685871
85.0407  0.0660389
85.0463  0.0632112
85.2223  0.0794448
85.233  0.07282
85.2415  0.0687151
85.2475  0.0670572
85.2792  0.0693385
85.3925  0.0749953
85.4629  0.0744681
85.4804  0.0647159
85.5436  0.0556112
85.5815  0.0579707
85.5935  0.0602199
85.6549  0.0679495
85.6815  0.0680055
85.719  0.0753812
85.7862  0.0564056
85.8526  0.045727
85.9032  0.0606919
85.9036  0.0591666
85.9607  0.0649471
85.9927  0.0627716
86.0092  0.0680365
86.0217  0.0539271
86.0838  0.0624946
86.1283  0.0661043
86.1603  0.0603404
86.1657  0.0728491
86.198  0.0481004
86.223  0.0598141
86.2528  0.0623024
86.2809  0.0636255
86.288  0.0652732
86.3057  0.062278
86.3474  0.0737025
86.415  0.066531
86.4423  0.0635469
86.4554  0.0646397
86.4861  0.0631697
86.5443  0.0482949
86.638  0.0559469
86.6406  0.0573489
86.6549  0.0590262
86.6571  0.0601568
86.6587  0.0610838
86.6979  0.0604762
86.7806  0.0555885
86.8117  0.0625414
86.8748  0.0594224
86.899  0.0514404
87.0407  0.0660389
87.0463  0.0632112
87.2223  0.0595836
87.233  0.0624171
87.2415  0.0601257
87.2475  0.0670572
87.2792  0.0520039
87.3925  0.0562465
87.4629  0.0531915
87.4804  0.0554708
87.5436  0.0556112
87.5815  0.0507244
87.5935  0.0526925
87.6549  0.0582424
87.6815  0.0510041
87.719  0.0502541
87.7862  0.0493549
87.8526  0.045727
87.9032  0.0531054
87.9036  0.044375
87.9607  0.0649471
87.9927  0.0470787
88.0092  0.0510273
88.0217  0.0471862
88.0838  0.0535668
88.1283  0.0413152
88.1603  0.0527978
88.1657  0.0485661
88.198  0.0420879
88.223  0.0448606
88.2528  0.041535
88.2809  0.0509004
88.288  0.0435155
88.3057  0.0518983
88.3474  0.0526447
88.415  0.0570265
88.4423  0.0423646
88.4554  0.0484798
88.4861  0.0505357
88.5443  0.0422581
88.638  0.0479545
88.6406  0.0430117
88.6549  0.0442697
88.6571  0.0401045
88.6587  0.034905
88.6979  0.0453571
88.7806  0.0555885
88.8117  0.0446725
88.8748  0.0475379
88.899  0.042867
89.0407  0.044026
89.0463  0.0316056
89.2223  0.0397224
89.233  0.0312086
89.2415  0.0343575
89.2475  0.0383184
89.2792  0.0346693
89.3925  0.0374976
89.4629  0.0319149
89.4804  0.0462257
89.5436  0.0417084
89.5815  0.043478
89.5935  0.0376375
89.6549  0.0388283
89.6815  0.0340028
89.719  0.0251271
89.7862  0.0423042
89.8526  0.0400112
89.9032  0.030346
89.9036  0.0295833
89.9607  0.0371126
89.9927  0.0392323
90.0092  0.0340182
90.0217  0.0337044
90.0838  0.0357112
90.1283  0.0330522
90.1603  0.0301702
90.1657  0.0364246
90.198  0.0300628
90.223  0.0373838
90.2528  0.0311512
90.2809  0.0381753
90.288  0.0326366
90.3057  0.031139
90.3474  0.0315868
90.415  0.0380177
90.4423  0.0317734
90.4554  0.0323199
90.4861  0.0379018
90.5443  0.0422581
90.638  0.0399621
90.6406  0.0430117
90.6549  0.0442697
90.6571  0.0401045
90.6587  0.034905
90.6979  0.0302381
90.7806  0.0317649
90.8117  0.035738
90.8748  0.0356534
90.899  0.042867
91.0407  0.0330195
91.0463  0.0316056
91.2223  0.0297918
91.233  0.0416114
91.2415  0.0257682
91.2475  0.0287388
91.2792  0.0346693
91.3925  0.0374976
91.4629  0.0319149
91.4804  0.0369805
91.5436  0.0278056
91.5815  0.0362317
91.5935  0.03011
91.6549  0.0291212
91.6815  0.0340028
91.719  0.0251271
91.7862  0.0352535
91.8526  0.0342953
91.9032  0.0379325
91.9036  0.0295833
91.9607  0.0278345
91.9927  0.0313858
92.0092  0.0340182
92.0217  0.0337044
92.0838  0.0357112
92.1283  0.0330522
92.1603  0.0301702
92.1657  0.0364246
92.198  0.0360753
92.223  0.0373838
92.2528  0.0311512
92.2809  0.0381753
92.288  0.0435155
92.3057  0.031139
92.3474  0.0315868
92.415  0.0380177
92.4423  0.0317734
92.4554  0.0323199
92.4861  0.0379018
92.5443  0.0362212
92.638  0.0239773
92.6406  0.0358431
92.6549  0.0442697
92.6571  0.0300784
92.6587  0.034905
92.6979  0.0302381
92.7806  0.0317649
92.8117  0.0268035
92.8748  0.0356534
92.899  0.0342936
93.0407  0.0330195
93.0463  0.0316056
93.2223  0.0297918
93.233  0.0312086
93.2415  0.0343575
93.2475  0.0287388
93.2792  0.0346693
93.3925  0.0374976
93.4629  0.0319149
93.4804  0.0277354
93.5436  0.0278056
93.5815  0.0289853
93.5935  0.03011
93.6549  0.0291212
93.6815  0.0340028
93.719  0.0376906
93.7862  0.0282028
93.8526  0.0228635
93.9032  0.0227595
93.9036  0.0295833
93.9607  0.0278345
93.9927  0.0313858
94.0092  0.0340182
94.0217  0.0269635
94.0838  0.0267834
94.1283  0.0330522
94.1603  0.0301702
94.1657  0.024283
94.198  0.0240502
94.223  0.0224303
94.2528  0.0311512
94.2809  0.0254502
94.288  0.0326366
94.3057  0.031139
94.3474  0.0315868
94.415  0.0285133
94.4423  0.0211823
94.4554  0.0242399
94.4861  0.0252679
94.5443  0.0241475
94.638  0.0239773
94.6406  0.0215058
94.6549  0.0295131
94.6571  0.0300784
94.6587  0.0261788
94.6979  0.015119
94.7806  0.0158824
94.8117  0.017869
94.8748  0.0356534
94.899  0.0171468
95.0407  0.022013
95.0463  0.0237042
95.2223  0.0198612
95.233  0.0208057
95.2415  0.0257682
95.2475  0.0191592
95.2792  0.026002
95.3925  0.0187488
95.4629  0.0212766
95.4804  0.0184903
95.5436  0.0139028
95.5815  0.021739
95.5935  0.0225825
95.6549  0.0194141
95.6815  0.0170014
95.719  0.0251271
95.7862  0.0141014
95.8526  0.0228635
95.9032  0.0227595
95.9036  0.0221875
95.9607  0.0278345
95.9927  0.0156929
96.0092  0.0255137
96.0217  0.0202227
96.0838  0.0178556
96.1283  0.0165261
96.1603  0.0150851
96.1657  0.024283
96.198  0.0120251
96.223  0.0224303
96.2528  0.0207675
96.2809  0.0254502
96.288  0.0108789
96.3057  0.0207593
96.3474  0.0210579
96.415  0.0190088
96.4423  0.0211823
96.4554  0.0161599
96.4861  0.0252679
96.5443  0.0120737
96.638  0.0239773
96.6406  0.0215058
96.6549  0.0147566
96.6571  0.0200523
96.6587  0.0174525
96.6979  0.0302381
96.7806  0.0158824
96.8117  0.017869
96.8748  0.0237689
96.899  0.0171468
97.0407  0.022013
97.0463  0.0158028
97.2223  0.0198612
97.233  0.0208057
97.2415  0.0171788
97.2475  0.0191592
97.2792  0.0173346
97.3925  0.0187488
97.4629  0.0212766
97.4804  0.0184903
97.5436  0.0139028
97.5815  0.0144927
97.5935  0.015055
97.6549  0.0194141
97.6815  0.0170014
97.719  0.0125635
97.7862  0.0211521
97.8526  0.0171476
97.9032  0.0227595
97.9036  0.0147917
97.9607  0.0185563
97.9927  0.0156929
98.0092  0.0170091
98.0217  0.0134818
98.0838  0.0178556
98.1283  0.0165261
98.1603  0.0150851
98.1657  0.024283
98.198  0.0120251
98.223  0.0149535
98.2528  0.0207675
98.2809  0.0254502
98.288  0.0217577
98.3057  0.0207593
98.3474  0.0210579
98.415  0.0190088
98.4423  0.0211823
98.4554  0.0161599
98.4861  0.0252679
98.5443  0.0181106
98.638  0.0239773
98.6406  0.0215058
98.6549  0.0295131
98.6571  0.0200523
98.6587  0.0174525
98.6979  0.0302381
98.7806  0.0158824
98.8117  0.017869
98.8748  0.0237689
98.899  0.0171468
99.0407  0.022013
99.0463  0.0158028
99.2223  0.0198612
99.233  0.0208057
99.2415  0.0171788
99.2475  0.0191592
99.2792  0.0173346
99.3925  0.0187488
99.4629  0.0212766
99.4804  0.0184903
99.5436  0.0139028
99.5815  0.0144927
99.5935  0.015055
99.6549  0.0194141
99.6815  0.0170014
99.719  0.0251271
99.7862  0.0141014
99.8526  0.0114318
99.9032  0.00758649
99.9036  0.0147917
99.9607  0.0185563
99.9927  0.0156929
100.009  0.0170091
100.022  0.0134818
100.084  0.0178556
100.128  0.0165261
100.16  0.0150851
100.166  0.024283
100.198  0.0120251
100.223  0.0149535
100.253  0.0207675
100.281  0.0254502
100.288  0.0217577
100.306  0.0207593
100.347  0.0210579
100.415  0.0190088
100.442  0.0105911
100.455  0.0161599
100.486  0.0252679
100.544  0.0120737
100.638  0.0159848
100.641  0.0143372
100.655  0.0295131
100.657  0.0200523
100.659  0.0174525
100.698  0.015119
100.781  0.0158824
100.812  0.00893449
100.875  0.0237689
100.899  0.0171468
101.041  -0
101.046  0.0158028
101.222  0.0198612
101.233  0.0208057
101.242  0.0171788
101.247  0.0191592
101.279  0.0173346
101.392  0.0187488
101.463  0.0212766
101.48  0.00924513
101.544  0.0139028
101.582  0.0144927
101.593  0.015055
101.655  0.0194141
101.681  0.00850069
101.719  0.0125635
101.786  0.00705071
101.853  0.0114318
101.903  0.015173
101.904  0.0147917
101.961  0.0185563
101.993  0.00784645
102.009  0.0170091
102.022  0.0134818
102.084  0.0178556
102.128  0.0165261
102.16  0.0150851
102.166  0.024283
102.198  0.0120251
102.223  0.0149535
102.253  0.0207675
102.281  0.0254502
102.288  0.0217577
102.306  0.0207593
102.347  0.0210579
102.415  0.0190088
102.442  0.0105911
102.455  0.0161599
102.486  -0
102.544  0.00603687
102.638  0.0159848
102.641  0.0143372
102.655  0.0147566
102.657  0.0100261
102.659  0.0174525
102.698  0.015119
102.781  0.0158824
102.812  0.00893449
102.875  0.0237689
102.899  0.0171468
103.041  0.0110065
103.046  0.0158028
103.222  0.0198612
103.233  0.0208057
103.242  0.0171788
103.247  0.0191592
103.279  0.0173346
103.392  0.0187488
103.463  0.0212766
103.48  0.00924513
103.544  0.0139028
103.582  0.0144927
103.593  0.015055
103.655  0.0194141
103.681  0.0170014
103.719  0.0125635
103.786  0.0141014
103.853  0.0171476
103.903  0.015173
103.904  0.0147917
103.961  0.0185563
103.993  0.00784645
104.009  0.0170091
104.022  0.00674088
104.084  0.0178556
104.128  0.0165261
104.16  0.0150851
104.166  0.024283
104.198  0.0120251
104.223  0.0149535
104.253  0.0207675
104.281  0.0254502
104.288  0.0217577
104.306  0.0207593
104.347  0.0210579
104.415  0.0190088
104.442  0.0211823
104.455  0.0161599
104.486  0.0126339
104.544  0.0181106
104.638  0.0159848
104.641  0.0143372
104.655  0.0147566
104.657  0.0200523
104.659  0.0174525
104.698  0.015119
104.781  0.0158824
104.812  0.0268035
104.875  0.0237689
104.899  0.0171468
105.041  0.022013
105.046  0.0158028
105.222  0.0198612
105.233  0.0208057
105.242  0.0171788
105.247  0.0191592
105.279  0.0173346
105.392  0.0187488
105.463  0.0212766
105.48  0.0277354
105.544  0.0278056
105.582  0.0144927
105.593  0.015055
105.655  0.0194141
105.681  0.0255021
105.719  0.0251271
105.786  0.0211521
105.853  0.0171476
105.903  0.015173
105.904  0.0147917
105.961  0.0278345
105.993  0.0235394
106.009  0.0170091
106.022  0.0202227
106.084  0.0178556
106.128  0.0165261
106.16  0.0226276
106.166  0.024283
106.198  0.0180377
106.223  0.0224303
106.253  0.0207675
106.281  0.0254502
106.288  0.0217577
106.306  0.0207593
106.347  0.0210579
106.415  0.0190088
106.442  0.0211823
106.455  0.0242399
106.486  0.0252679
106.544  0.0241475
106.638  0.0159848
106.641  0.0143372
106.655  0.0295131
106.657  0.0200523
106.659  0.0174525
106.698  0.0302381
106.781  0.0238236
106.812  0.0268035
106.875  0.0237689
106.899  0.0257202
107.041  0.022013
107.046  0.0237042
107.222  0.0198612
107.233  0.0312086
107.242  0.0171788
107.247  0.0191592
107.279  0.0173346
107.392  0.0187488
107.463  0.0319149
107.48  0.0184903
107.544  0.0208542
107.582  0.021739
107.593  0.015055
107.655  0.0194141
107.681  0.0170014
107.719  0.0251271
107.786  0.0211521
107.853  0.0114318
107.903  0.015173
107.904  0.0147917
107.961  0.0185563
107.993  0.0156929
108.009  0.0170091
108.022  0.0202227
108.084  0.0178556
108.128  0.0165261
108.16  0.0150851
108.166  0.024283
108.198  0.0180377
108.223  0.0149535
108.253  0.0207675
108.281  0.0254502
108.288  0.0217577
108.306  0.0207593
108.347  0.0105289
108.415  0.0190088
108.442  0.0105911
108.455  0.0161599
108.486  0.0126339
108.544  0.00603687
108.638  0.00799242
108.641  0.0143372
108.655  0.0147566
108.657  0.0200523
108.659  0.0174525
108.698  0.015119
108.781  0.0158824
108.812  0.00893449
108.875  -0
108.899  0.0171468
109.041  -0
109.046  0.0079014
109.222  0.00993059
109.233  0.0104029
109.242  0.00858938
109.247  0.0095796
109.279  0.00866732
109.392  0.00937441
109.463  -0
109.48  -0
109.544  -0
109.582  -0.00724634
109.593  0.00752749
109.655  0.00970707
109.681  -0
109.719  -0
109.786  -0.00705071
109.853  -0.00571588
109.903  -0.00758649
109.904  -0
109.961  -0.00927816
109.993  -0
110.009  -0
110.022  -0.00674088
110.084  -0
110.128  -0
110.16  -0.00754255
110.166  -0
110.198  -0.00601255
110.223  -0.00747676
110.253  -0
110.281  -0.0127251
110.288  -0
110.306  -0
110.347  0.0105289
110.415  -0.00950442
110.442  -0.0105911
110.455  -0.00807997
110.486  -0.0126339
110.544  -0.0120737
110.638  -0.00799242
110.641  -0.00716861
110.655  -0.0147566
110.657  -0.0100261
110.659  -0.00872626
110.698  -0.015119
110.781  -0.0158824
110.812  -0.017869
110.875  -0
110.899  -0.0171468
111.041  -0.0110065
111.046  -0.0158028
111.222  -0.00993059
111.233  -0.0208057
111.242  -0.00858938
111.247  -0.0095796
111.279  -0.00866732
111.392  -0.0187488
111.463  -0.0212766
111.48  -0.0184903
111.544  -0.0139028
111.582  -0.021739
111.593  -0.0225825
111.655  -0.00970707
111.681  -0.0170014
111.719  -0.0125635
111.786  -0.0211521
111.853  -0.0114318
111.903  -0.015173
111.904  -0.0147917
111.961  -0.00927816
111.993  -0.0235394
112.009  -0.0170091
112.022  -0.0202227
112.084  -0.0178556
112.128  -0.0247891
112.16  -0.0226276
112.166  -0.024283
112.198  -0.0180377
112.223  -0.0149535
112.253  -0.0207675
112.281  -0.0127251
112.288  -0.0326366
112.306  -0.0207593
112.347  -0.0105289
112.415  -0.0190088
112.442  -0.0105911
112.455  -0.0242399
112.486  -0.0126339
112.544  -0.0181106
112.638  -0.0239773
112.641  -0.0215058
112.655  -0.0147566
112.657  -0.0200523
112.659  -0.0261788
112.698  -0.015119
112.781  -0.0158824
112.812  -0.017869
112.875  -0.0118845
112.899  -0.0257202
113.041  -0.0110065
113.046  -0.0158028
113.222  -0.0198612
113.233  -0.0208057
113.242  -0.0257682
113.247  -0.0191592
113.279  -0.026002
113.392  -0.0187488
113.463  -0.0212766
113.48  -0.0184903
113.544  -0.0139028
113.582  -0.0144927
113.593  -0.0225825
113.655  -0.0194141
113.681  -0.0170014
113.719  -0.0125635
113.786  -0.0141014
113.853  -0.0171476
113.903  -0.015173
113.904  -0.0221875
113.961  -0.00927816
113.993  -0.0235394
114.009  -0.0170091
114.022  -0.0202227
114.084  -0.0178556
114.128  -0.0247891
114.16  -0.0226276
114.166  -0.0121415
114.198  -0.0180377
114.223  -0.0149535
114.253  -0.0207675
114.281  -0.0127251
114.288  -0.0217577
114.306  -0.0207593
114.347  -0.0210579
114.415  -0.0190088
114.442  -0.0105911
114.455  -0.0242399
114.486  -0.0126339
114.544  -0.0181106
114.638  -0.0159848
114.641  -0.00716861
114.655  -0
114.657  -0.0100261
114.659  -0.0261788
114.698  -0.015119
114.781  -0.00794121
114.812  -0.00893449
114.875  -0.0118845
114.899  -0.00857339
115.041  -0.0110065
115.046  -0.0079014
115.222  -0.00993059
115.233  -0.0104029
115.242  -0.0171788
115.247  -0.0095796
115.279  -0.00866732
115.392  -0.0187488
115.463  -0.0106383
115.48  -0.00924513
115.544  -0.0069514
115.582  -0.00724634
115.593  -0.015055
115.655  -0.00970707
115.681  -0.00850069
115.719  -0.0125635
115.786  -0.00705071
115.853  -0.0171476
115.903  -0.015173
115.904  -0.00739583
115.961  -0.00927816
115.993  -0.00784645
116.009  -0.00850456
116.022  -0.00674088
116.084  -0.0089278
116.128  -0.00826304
116.16  -0.00754255
116.166  -0
116.198  -0.00601255
116.223  -0.00747676
116.253  -0.0103837
116.281  -0.0127251
116.288  -0.0108789
116.306  -0
116.347  -0.0105289
116.415  -0.00950442
116.442  -0.0105911
116.455  -0
116.486  -0
116.544  -0.00603687
116.638  -0
116.641  -0.00716861
116.655  -0
116.657  -0
116.659  -0
116.698  -0
116.781  -0.00794121
116.812  -0.00893449
116.875  -0.0118845
116.899  0.00857339
117.041  -0.0110065
117.046  -0.0079014
117.222  0.00993059
117.233  -0
117.242  0.00858938
117.247  -0
117.279  0.00866732
117.392  0.00937441
117.463  -0
117.48  -0
117.544  -0
117.582  -0.00724634
117.593  -0
117.655  0.00970707
117.681  -0
117.719  0.0125635
117.786  -0.00705071
117.853  -0
117.903  -0
117.904  0.00739583
117.961  -0
117.993  0.00784645
118.009  -0
118.022  -0
118.084  -0
118.128  0.00826304
118.16  -0
118.166  0.0121415
118.198  0.00601255
118.223  0.00747676
118.253  0.0103837
118.281  -0
118.288  -0
118.306  0.0103797
118.347  0.0105289
118.415  -0
118.442  -0
118.455  -0
118.486  -0
118.544  -0
118.638  -0
118.641  -0
118.655  -0
118.657  -0
118.659  0.00872626
118.698  -0
118.781  0.00794121
118.812  0.00893449
118.875  0.0118845
118.899  -0
119.041  -0
119.046  0.0079014
119.222  0.00993059
119.233  -0
119.242  0.00858938
119.247  0.0095796
119.279  0.00866732
119.392  0.00937441
119.463  -0
119.48  -0
119.544  0.0069514
119.582  0.00724634
119.593  0.00752749
119.655  0.00970707
119.681  -0
119.719  0.0125635
119.786  0.00705071
119.853  0.00571588
119.903  0.00758649
119.904  -0
119.961  0.0185563
119.993  -0
*
24000 0.78
0.0230603  -0.0459614
0.602986  -0.0451799
0.943906  -0.0340638
1.03741  0.0225073
1.27291  -0.047619
1.30063  0.0389076
1.36916  0.0398127
1.68236  0.0259957
1.90172  0.0196266
2  0.0430253
2.02306  0.0408546
2.60299  0.0451799
2.94391  0.0227092
3.03741  -0.00450147
3.27291  0.047619
3.30063  -0.0145904
3.36916  -0.00497659
3.68236  0.0259957
3.90172  -0.00654219
4  0.0107563
4.02306  0.030641
4.60299  0.0451799
4.94391  0.0454184
5.03741  0.0360117
5.27291  0.0544218
5.30063  0.0389076
5.36916  0.0398127
5.68236  0.0173305
5.90172  0.0523375
6  0.0215127
6.02306  0.00510683
6.60299  -0
6.94391  0.0056773
7.03741  0.00900293
7.27291  -0.00680272
7.30063  0.0145904
7.36916  0.0199064
7.68236  -0.0216631
7.90172  0.00654219
8  0.00537816
8.02306  -0
8.60299  -0.0225899
8.94391  -0.0681276
9.03741  -0.148548
9.27291  -0.0680272
9.30063  -0.150767
9.36916  -0.154274
9.68236  -0.220963
9.90172  -0.170097
10  -0.20437
10.0231  -0.219594
10.603  -0.282374
10.9439  -0.340638
11.0374  -0.418636
11.2729  -0.37415
11.3006  -0.437711
11.3692  -0.447893
11.6824  -0.524246
11.9017  -0.510291
12  -0.548573
12.0231  -0.571965
12.603  -0.677698
12.9439  -0.732372
13.0374  -0.724736
13.2729  -0.816327
13.3006  -0.763562
13.3692  -0.771372
13.6824  -0.771205
13.9017  -0.89628
14  -0.860506
14.0231  -0.85284
14.603  -0.937483
14.9439  -0.965142
15.0374  -0.868783
15.2729  -1
15.3006  -0.919192
15.3692  -0.925646
15.6824  -0.849192
15.9017  -0.961702
16  -0.914288
16.0231  -0.898802
16.603  -0.881008
16.9439  -0.851595
17.0374  -0.801261
17.2729  -0.802721
17.3006  -0.792742
17.3692  -0.791278
17.6824  -0.758207
17.9017  -0.673845
18  -0.704539
18.0231  -0.699635
18.603  -0.621223
18.9439  -0.56773
19.0374  -0.630205
19.2729  -0.47619
19.3006  -0.573887
19.3692  -0.552402
19.6824  -0.58057
19.9017  -0.385989
20  -0.441009
20.0231  -0.459614
20.603  -0.389677
20.9439  -0.35767
21.0374  -0.427639
21.2729  -0.306122
21.3006  -0.369622
21.3692  -0.358315
21.6824  -0.359607
21.9017  -0.281314
22  -0.285043
22.0231  -0.296196
22.603  -0.259784
22.9439  -0.249801
23.0374  -0.252082
23.2729  -0.238095
23.3006  -0.233446
23.3692  -0.238876
23.6824  -0.220963
23.9017  -0.215892
24  -0.20437
24.0231  -0.199166
24.603  -0.175072
24.9439  -0.164642
25.0374  -0.171056
25.2729  -0.176871
25.3006  -0.165357
25.3692  -0.164228
25.6824  -0.168972
25.9017  -0.143928
26  -0.14521
26.0231  -0.137884
26.603  -0.13554
26.9439  -0.124901
27.0374  -0.130542
27.2729  -0.115646
27.3006  -0.121586
27.3692  -0.119438
27.6824  -0.116981
27.9017  -0.111217
28  -0.107563
28.0231  -0.107243
28.603  -0.107302
28.9439  -0.0965142
29.0374  -0.0945308
29.2729  -0.0884354
29.3006  -0.0875421
29.3692  -0.0895787
29.6824  -0.0779871
29.9017  -0.0785063
30  -0.0806725
30.0231  -0.0766024
30.603  -0.0734173
30.9439  -0.0738049
31.0374  -0.067522
31.2729  -0.0748299
31.3006  -0.0826787
31.3692  -0.0746489
31.6824  -0.0779871
31.9017  -0.0719641
32  -0.064538
32.0231  -0.0714956
32.603  -0.0621223
32.9439  -0.0681276
33.0374  -0.067522
33.2729  -0.0748299
33.3006  -0.0583614
33.3692  -0.0646957
33.6824  -0.0649892
33.9017  -0.0719641
34  -0.064538
34.0231  -0.0561751
34.603  -0.0621223
34.9439  -0.0624503
35.0374  -0.0495161
35.2729  -0.0612245
35.3006  -0.053498
35.3692  -0.0497659
35.6824  -0.0476588
35.9017  -0.0457953
36  -0.0484035
36.0231  -0.0459614
36.603  -0.0395324
36.9439  -0.0340638
37.0374  -0.0450147
37.2729  -0.0340136
37.3006  -0.0486345
37.3692  -0.0398127
37.6824  -0.0389935
37.9017  -0.0327109
38  -0.032269
38.0231  -0.0357478
38.603  -0.0338849
38.9439  -0.0340638
39.0374  -0.0225073
39.2729  -0.0340136
39.3006  -0.0243173
39.3692  -0.024883
39.6824  -0.0129978
39.9017  -0.0327109
40  -0.0161345
40.0231  -0.0204273
40.603  -0.00564749
40.9439  -0
41.0374  0.0180059
41.2729  -0.0136054
41.3006  0.0194538
41.3692  0.0149298
41.6824  0.0346609
41.9017  0.0130844
42  0.0215127
42.0231  0.0408546
42.603  0.0451799
42.9439  0.0454184
43.0374  0.0360117
43.2729  0.0544218
43.3006  0.0389076
43.3692  0.0398127
43.6824  0.0346609
43.9017  0.0523375
44  0.0430253
44.0231  0.0408546
44.603  0.0451799
44.9439  0.0454184
45.0374  0.0360117
45.2729  0.0544218
45.3006  0.0389076
45.3692  0.0398127
45.6824  0.0346609
45.9017  0.0523375
46  0.0430253
46.0231  0.0408546
46.603  0.0451799
46.9439  0.0454184
47.0374  0.0360117
47.2729  0.0544218
47.3006  0.0389076
47.3692  0.0398127
47.6824  0.0346609
47.9017  0.0457953
48  0.032269
48.0231  0.030641
48.603  0.0169425
48.9439  -0
49.0374  0.00450147
49.2729  -0.0272109
49.3006  -0
49.3692  -0.0149298
49.6824  -0.00433261
49.9017  -0.0457953
*
37000 0.68
0.147789  -0.0329945
0.1895  0.0293621
0.344363  0.0441989
0.420494  0.0150714
0.946375  -0.0139824
0.991347  -0.0452803
1.57742  0.0282222
1.75201  0.0104808
1.98171  0.0343629
2  0.0353627
2.14779  0.0329945
2.1895  0.0342558
2.34436  0.0441989
2.42049  0.0401903
2.94638  0.0186432
2.99135  0.0452803
3.57742  0.00806347
3.75201  -0.0052404
3.98171  0.0171815
4  0.013261
4.14779  0.0288702
4.1895  -0
4.34436  -0.0165746
4.42049  -0.00502379
4.94638  0.0372864
4.99135  0.0339602
5.57742  0.0241904
5.75201  0.0419232
5.98171  0.0128861
6  0.0176814
6.14779  0.00412431
6.1895  0.0391495
6.34436  0.0441989
6.42049  0.0351665
6.94638  0.0139824
6.99135  0.0113201
7.57742  -0.0161269
7.75201  0.0104808
7.98171  -0.0128861
8  -0.00442034
8.14779  -0.0412431
8.1895  0.00489369
8.34436  0.0220994
8.42049  0.0100476
8.94638  -0.0605904
8.99135  -0.00566004
9.57742  -0.193523
9.75201  -0.12577
9.98171  -0.206178
10  -0.194495
10.1478  -0.259832
10.1895  -0.176173
10.3444  -0.149171
10.4205  -0.200951
10.9464  -0.302952
10.9913  -0.249042
11.5774  -0.459618
11.752  -0.39303
11.9817  -0.493967
12  -0.495078
12.1478  -0.548533
12.1895  -0.484475
12.3444  -0.453039
12.4205  -0.51745
12.9464  -0.647851
12.9913  -0.622604
13.5774  -0.709586
13.752  -0.780819
13.9817  -0.755985
14  -0.764719
14.1478  -0.767122
14.1895  -0.792778
14.3444  -0.834254
14.4205  -0.833949
14.9464  -0.87623
14.9913  -0.933906
15.5774  -0.822474
15.752  -0.974714
15.9817  -0.867664
16  -0.884068
16.1478  -0.837235
16.1895  -0.944482
16.3444  -1
16.4205  -0.959543
16.9464  -0.908856
16.9913  -0.990507
17.5774  -0.822474
17.752  -0.885627
17.9817  -0.841892
18  -0.844285
18.1478  -0.824862
18.1895  -0.856396
18.3444  -0.850829
18.4205  -0.843996
18.9464  -0.792336
18.9913  -0.769765
19.5774  -0.761998
19.752  -0.649809
19.9817  -0.708736
20  -0.698414
20.1478  -0.705257
20.1895  -0.650861
20.3444  -0.596685
20.4205  -0.617926
20.9464  -0.596582
20.9913  -0.486763
21.5774  -0.584602
21.752  -0.424472
21.9817  -0.498263
22  -0.481817
22.1478  -0.494917
22.1895  -0.430645
22.3444  -0.38674
22.4205  -0.391855
22.9464  -0.363542
22.9913  -0.316962
23.5774  -0.366888
23.752  -0.272501
23.9817  -0.300676
24  -0.287322
24.1478  -0.301075
24.1895  -0.264259
24.3444  -0.243094
24.4205  -0.251189
24.9464  -0.23304
24.9913  -0.220741
25.5774  -0.241904
25.752  -0.188654
25.9817  -0.206178
26  -0.198915
26.1478  -0.206216
26.1895  -0.18596
26.3444  -0.171271
26.4205  -0.180856
26.9464  -0.17245
26.9913  -0.164141
27.5774  -0.165301
27.752  -0.13625
27.9817  -0.150338
28  -0.145871
28.1478  -0.144351
28.1895  -0.141917
28.3444  -0.132597
28.4205  -0.130618
28.9464  -0.111859
28.9913  -0.113201
29.5774  -0.112889
29.752  -0.0995675
29.9817  -0.103089
30  -0.0972475
30.1478  -0.0989834
30.1895  -0.0880864
30.3444  -0.0994475
30.4205  -0.095452
30.9464  -0.0885552
30.9913  -0.0905606
31.5774  -0.0967617
31.752  -0.0890868
31.9817  -0.0902027
32  -0.0839865
32.1478  -0.0907348
32.1895  -0.0831927
32.3444  -0.0718232
32.4205  -0.0753568
32.9464  -0.0838944
32.9913  -0.0735805
33.5774  -0.076603
33.752  -0.0733656
33.9817  -0.0730213
34  -0.0707255
34.1478  -0.0701133
34.1895  -0.0734054
34.3444  -0.0718232
34.4205  -0.0653092
34.9464  -0.0605904
34.9913  -0.0679205
35.5774  -0.0483808
35.752  -0.0576444
35.9817  -0.0429537
36  -0.0486238
36.1478  -0.0453674
36.1895  -0.0538306
36.3444  -0.0607735
36.4205  -0.0552617
36.9464  -0.0512688
36.9913  -0.0509403
37.5774  -0.0483808
37.752  -0.0471636
37.9817  -0.0472491
38  -0.0486238
38.1478  -0.0453674
38.1895  -0.0440432
38.3444  -0.038674
38.4205  -0.0502379
38.9464  -0.0419472
38.9913  -0.0396203
39.5774  -0.0282222
39.752  -0.0314424
39.9817  -0.0214768
40  -0.0221017
40.1478  -0.0164972
40.1895  -0.0293621
40.3444  -0.0220994
40.4205  -0.0200951
40.9464  -0.0046608
40.9913  -0.0169801
41.5774  0.0241904
41.752  0.0052404
41.9817  0.0300676
42  0.026522
42.1478  0.0329945
42.1895  0.0195748
42.3444  0.0110497
42.4205  0.0301427
42.9464  0.0372864
42.9913  0.0339602
43.5774  0.0322539
43.752  0.0419232
43.9817  0.0343629
44  0.0353627
44.1478  0.0329945
44.1895  0.0391495
44.3444  0.0441989
44.4205  0.0401903
44.9464  0.0372864
44.9913  0.0452803
45.5774  0.0322539
45.752  0.0419232
45.9817  0.0343629
46  0.0353627
46.1478  0.0329945
46.1895  0.0391495
46.3444  0.0441989
46.4205  0.0401903
46.9464  0.0372864
46.9913  0.0452803
47.5774  0.0322539
47.752  0.0419232
47.9817  0.0343629
48  0.0353627
48.1478  0.0329945
48.1895  0.0391495
48.3444  0.0441989
48.4205  0.0401903
48.9464  0.0279648
48.9913  0.0339602
49.5774  0.0241904
49.752  -0
49.9817  0.0128861
50  0.013261
50.1478  0.0164972
50.1895  -0
50.3444  -0.00552486
50.4205  -0.00502379
50.9464  -0
50.9913  -0.0339602
51.5774  0.0161269
51.752  -0.026202
51.9817  -0
52  -0.00442034
52.1478  -0
52.1895  -0.0244685
52.3444  -0.0441989
52.4205  -0.0301427
52.9464  -0.0279648
52.9913  -0.0396203
53.5774  -0.0241904
53.752  -0.0366828
53.9817  -0.0343629
54  -0.0397831
54.1478  -0.0329945
54.1895  -0.0342558
54.3444  -0.038674
54.4205  -0.0401903
54.9464  -0.0419472
54.9913  -0.0339602
55.5774  -0.0443491
55.752  -0.0366828
55.9817  -0.0429537
56  -0.0397831
56.1478  -0.0412431
56.1895  -0.0342558
56.3444  -0.0165746
56.4205  -0.0251189
56.9464  -0.0326256
56.9913  -0.0226402
57.5774  -0.0282222
57.752  -0.0157212
57.9817  -0.0171815
58  -0.0176814
58.1478  -0.0206216
58.1895  -0.0195748
58.3444  -0.0165746
58.4205  -0.0150714
58.9464  -0.0139824
58.9913  -0.0169801
59.5774  -0.0161269
59.752  -0.0157212
59.9817  -0.0171815
60  -0.0176814
60.1478  -0.0164972
60.1895  -0.0146811
60.3444  -0.0165746
60.4205  -0.0150714
60.9464  -0.0139824
60.9913  -0.0113201
61.5774  -0.0161269
61.752  -0.0157212
61.9817  -0.0171815
62  -0.0176814
62.1478  -0.0164972
62.1895  -0.0146811
62.3444  -0.0110497
62.4205  -0.0150714
62.9464  -0.0139824
62.9913  -0.0113201
63.5774  -0.0161269
63.752  -0.0104808
63.9817  -0.0128861
64  -0.00884068
64.1478  -0.0123729
64.1895  -0.00489369
64.3444  -0.00552486
64.4205  -0.00502379
64.9464  -0.0139824
64.9913  -0.0113201
65.5774  -0.0120952
65.752  -0.0104808
65.9817  -0.0128861
66  -0.00884068
66.1478  -0.0123729
66.1895  -0.00978738
66.3444  -0.00552486
66.4205  -0.0100476
66.9464  -0.0139824
66.9913  -0.0113201
67.5774  -0.0120952
67.752  -0.0052404
67.9817  -0.0128861
68  -0.00884068
68.1478  -0.0123729
68.1895  -0.0146811
68.3444  -0.0110497
68.4205  -0.0100476
68.9464  -0.0093216
68.9913  -0.0113201
69.5774  -0.00806347
69.752  -0.0052404
69.9817  -0.00859074
*
44000 0.46
0.00382297  0.0172675
0.926823  0.0167701
1.05634  -0.0371382
1.32787  0.0126485
1.35942  -0.020202
1.41147  0.015519
1.48008  -0.00439304
1.70665  -0.00912653
2  0.00899747
2  0.0095338
2.00382  0.0129506
2.92682  0.00838506
3.05634  0.0371382
3.32787  0.0126485
3.35942  0.0252525
3.41147  0.015519
3.48008  0.0131791
3.70665  0.00456327
4  0.00449874
4  -0.0047669
4.00382  0.0172675
4.92682  0.0251552
5.05634  0.0371382
5.32787  0.0210809
5.35942  0.040404
5.41147  0.015519
5.48008  0.0307513
5.70665  0.0365061
6  0.0359899
6  0.0381352
6.00382  0.0259012
6.92682  0.0167701
7.05634  0.00464228
7.32787  0.0126485
7.35942  0.020202
7.41147  -0.0116393
7.48008  0.00878608
7.70665  -0
8  -0.00449874
8  0.0095338
8.00382  -0.0129506
8.92682  -0.0880432
9.05634  -0.0417805
9.32787  -0.118053
9.35942  -0.0454545
9.41147  -0.170709
9.48008  -0.105433
9.70665  -0.109518
10  -0.157456
10  -0.128706
10.0038  -0.185625
10.9268  -0.322825
11.0563  -0.278537
11.3279  -0.371024
11.3594  -0.272727
11.4115  -0.430653
11.4801  -0.369015
11.7067  -0.369625
12  -0.42738
12  -0.390886
12.0038  -0.466222
12.9268  -0.607917
13.0563  -0.603496
13.3279  -0.657724
13.3594  -0.626263
13.4115  -0.671198
13.4801  -0.672135
13.7067  -0.702743
14  -0.728795
14  -0.729335
14.0038  -0.738185
14.9268  -0.809159
15.0563  -0.854179
15.3279  -0.826371
15.3594  -0.919192
15.4115  -0.775952
15.4801  -0.861036
15.7067  -0.8944
16  -0.899747
16  -0.939079
16.0038  -0.872008
16.9268  -0.867854
17.0563  -0.942382
17.3279  -0.876965
17.4115  -0.81475
17.4801  -0.900573
17.7067  -0.92178
18  -0.913243
18  -0.948613
18.0038  -0.893592
18.9268  -0.872046
19.0563  -0.919171
19.3279  -0.872749
19.3594  -0.914141
19.4115  -0.841908
19.4801  -0.878608
19.7067  -0.88071
20  -0.85476
20  -0.848508
20.0038  -0.846106
20.9268  -0.809159
21.0563  -0.77526
21.3279  -0.779993
21.3594  -0.707071
21.4115  -0.779832
21.4801  -0.759996
21.7067  -0.716433
22  -0.679309
22  -0.653065
22.0038  -0.686382
22.9268  -0.61211
23.0563  -0.543146
23.3279  -0.560752
23.3594  -0.454545
23.4115  -0.585844
23.4801  -0.522772
23.7067  -0.470016
24  -0.440876
24  -0.405186
24.0038  -0.453271
24.9268  -0.389905
25.0563  -0.329602
25.3279  -0.354159
25.3594  -0.282828
25.4115  -0.399615
25.4801  -0.320692
25.7067  -0.287486
26  -0.278922
26  -0.252646
26.0038  -0.28923
26.9268  -0.264129
27.0563  -0.232114
27.3279  -0.244538
27.3594  -0.20202
27.4115  -0.267703
27.4801  -0.219652
27.7067  -0.205347
28  -0.197944
28  -0.190676
28.0038  -0.198576
28.9268  -0.171894
29.0563  -0.157837
29.3279  -0.164431
29.3594  -0.146465
29.4115  -0.178469
29.4801  -0.158149
29.7067  -0.141461
30  -0.130463
30  -0.128706
30.0038  -0.133823
30.9268  -0.121583
31.0563  -0.111415
31.3279  -0.113837
31.3594  -0.106061
31.4115  -0.124152
31.4801  -0.109826
31.7067  -0.109518
32  -0.10797
32  -0.100105
32.0038  -0.103605
32.9268  -0.109006
33.0563  -0.10213
33.3279  -0.101188
33.3594  -0.0959596
33.4115  -0.100874
33.4801  -0.0922538
33.7067  -0.0912653
34  -0.0899747
34  -0.0905711
34.0038  -0.0906542
34.9268  -0.0796581
35.0563  -0.0789187
35.3279  -0.071675
35.3594  -0.0757576
35.4115  -0.0737154
35.4801  -0.0658956
35.7067  -0.0593225
36  -0.0584836
36  -0.0619697
36.0038  -0.0561193
36.9268  -0.0503104
37.0563  -0.051065
37.3279  -0.0548103
37.3594  -0.0505051
37.4115  -0.0581964
37.4801  -0.0527165
37.7067  -0.0501959
38  -0.0494861
38  -0.0524359
38.0038  -0.0518024
38.9268  -0.0503104
39.0563  -0.051065
39.3279  -0.0421618
39.3594  -0.0505051
39.4115  -0.0349178
39.4801  -0.0483234
39.7067  -0.0501959
40  -0.0449874
40  -0.0429021
40.0038  -0.0388518
40.9268  -0.0125776
41.0563  -0.0185691
41.3279  -0.00421618
41.3594  -0.0151515
41.4115  0.00775952
41.4801  -0.00439304
41.7067  0.00912653
42  0.00899747
42  0.0095338
42.0038  0.0172675
42.9268  0.0335402
43.0563  0.0371382
43.3279  0.0337294
43.3594  0.040404
43.4115  0.0310381
43.4801  0.0351443
43.7067  0.0365061
44  0.0359899
44  0.0381352
44.0038  0.034535
44.9268  0.0335402
45.0563  0.0371382
45.3279  0.0337294
45.3594  0.040404
45.4115  0.0310381
45.4801  0.0351443
45.7067  0.0365061
46  0.0359899
46  0.0381352
46.0038  0.034535
46.9268  0.0335402
47.0563  0.0371382
47.3279  0.0337294
47.3594  0.040404
47.4115  0.0310381
47.4801  0.0351443
47.7067  0.0365061
48  0.0359899
48  0.0381352
48.0038  0.034535
48.9268  0.0335402
49.0563  0.0371382
49.3279  0.0337294
49.3594  0.040404
49.4115  0.0271583
49.4801  0.0351443
49.7067  0.0365061
50  0.0314911
50  0.0286014
50.0038  0.0302181
50.9268  0.0293477
51.0563  0.0185691
51.3279  0.0252971
51.3594  -0
51.4115  0.0310381
51.4801  0.0175722
51.7067  0.0136898
52  0.0134962
52  0.0047669
52.0038  0.0172675
52.9268  0.0125776
53.0563  -0
53.3279  -0
53.3594  -0.0151515
53.4115  0.00387976
53.4801  -0.00878608
53.7067  -0.0136898
54  -0.0179949
54  -0.0238345
54.0038  -0.0172675
54.9268  -0.0293477
55.0563  -0.0417805
55.3279  -0.0295132
55.3594  -0.0505051
55.4115  -0.0232786
55.4801  -0.0351443
55.7067  -0.0456327
56  -0.0449874
56  -0.047669
56.0038  -0.0431687
56.9268  -0.0419253
57.0563  -0.0417805
57.3279  -0.0421618
57.3594  -0.0353535
57.4115  -0.0310381
57.4801  -0.0395374
57.7067  -0.0319429
58  -0.0359899
58  -0.0333683
58.0038  -0.034535
58.9268  -0.0251552
59.0563  -0.0232114
59.3279  -0.0252971
59.3594  -0.0151515
59.4115  -0.0310381
59.4801  -0.0219652
59.7067  -0.0182531
60  -0.0134962
60  -0.0143007
60.0038  -0.0172675
60.9268  -0.0209627
61.0563  -0.0185691
61.3279  -0.0210809
61.3594  -0.0151515
61.4115  -0.0232786
61.4801  -0.0175722
61.7067  -0.0182531
62  -0.0179949
62  -0.0190676
62.0038  -0.0172675
62.9268  -0.0167701
63.0563  -0.0185691
63.3279  -0.0168647
63.3594  -0.0151515
63.4115  -0.015519
63.4801  -0.0175722
63.7067  -0.0182531
64  -0.0179949
64  -0.0143007
64.0038  -0.0172675
64.9268  -0.0125776
65.0563  -0.0139268
65.3279  -0.0126485
65.3594  -0.0151515
65.4115  -0.015519
65.4801  -0.0131791
65.7067  -0.0136898
66  -0.0134962
66  -0.0095338
66.0038  -0.0172675
66.9268  -0.0125776
67.0563  -0.0139268
67.3279  -0.0168647
67.3594  -0.0151515
67.4115  -0.015519
67.4801  -0.0131791
67.7067  -0.0136898
68  -0.0134962
68  -0.0143007
68.0038  -0.0129506
68.9268  -0.0125776
69.0563  -0.0139268
69.3279  -0.0168647
69.3594  -0.0151515
69.4115  -0.015519
69.4801  -0.0175722
69.7067  -0.0136898
70  -0.00899747
*
63300 0.29
0.0878746  0.012962
0.157286  0.0129069
0.183136  0.00831916
0.216587  0.0143616
0.456286  0.0145631
0.879866  0.0132912
0.914557  0.00892644
1.46654  0.0180519
1.78744  0.00816707
2  0.0189766
2.08787  0.012962
2.15729  0.0129069
2.18314  0.00831916
2.21659  0.0143616
2.45629  0.0145631
2.87987  0.0132912
2.91456  0.0133897
3.46654  0.00902593
3.78744  0.0245012
4  0.0189766
4.08787  0.0172826
4.15729  0.0215115
4.18314  0.0291171
4.21659  0.023936
4.45629  0.0242718
4.87987  0.0265824
4.91456  0.0312425
5.46654  0.0270778
5.78744  0.0163341
6  0.0189766
6.08787  0.0172826
6.15729  0.0215115
6.18314  0.00831916
6.21659  0.0191488
6.45629  0.0242718
6.87987  0.00886078
6.91456  0.00892644
7.46654  0.00902593
7.78744  -0.0449189
8  0.00474415
8.08787  -0.0432066
8.15729  -0.0516275
8.18314  -0.0707129
8.21659  -0.0047872
8.45629  -0.0145631
8.87987  -0.0886078
8.91456  -0.0892644
9.46654  -0.135389
9.78744  -0.236845
10  -0.161301
10.0879  -0.246278
10.1573  -0.26244
10.1831  -0.29533
10.2166  -0.181914
10.4563  -0.203883
10.8799  -0.33671
10.9146  -0.334741
11.4665  -0.41068
11.7874  -0.518609
12  -0.455439
12.0879  -0.544403
12.1573  -0.554996
12.1831  -0.578182
12.2166  -0.488295
12.4563  -0.524272
12.8799  -0.646837
12.9146  -0.647167
13.4665  -0.708535
13.7874  -0.73912
14  -0.763808
14.0879  -0.78204
14.1573  -0.78732
14.1831  -0.782001
14.2166  -0.794676
14.4563  -0.825243
14.8799  -0.846205
14.9146  -0.852475
15.4665  -0.884541
15.7874  -0.824874
16  -0.939342
16.0879  -0.872774
16.1573  -0.873366
16.1831  -0.852714
16.2166  -0.95744
16.4563  -0.980583
16.8799  -0.912661
16.9146  -0.923886
17.4665  -0.938696
17.7874  -0.869793
18  -0.982039
18.0879  -0.91598
18.1573  -0.912086
18.1831  -0.890151
18.2166  -0.990951
18.4563  -1
18.8799  -0.948104
18.9146  -0.950666
19.4665  -0.965774
19.7874  -0.910628
20  -0.972551
20.0879  -0.946225
20.1573  -0.942202
20.1831  -0.919268
20.2166  -0.967015
20.4563  -0.961165
20.8799  -0.934813
20.9146  -0.932813
21.4665  -0.902593
21.7874  -0.869793
22  -0.844459
22.0879  -0.84685
22.1573  -0.847552
22.1831  -0.840236
22.2166  -0.828186
22.4563  -0.796117
22.8799  -0.779749
22.9146  -0.772137
23.4665  -0.704022
23.7874  -0.710535
24  -0.593019
24.0879  -0.630817
24.1573  -0.628135
24.1831  -0.648895
24.2166  -0.56489
24.4563  -0.524272
24.8799  -0.544938
24.9146  -0.54005
25.4665  -0.469348
25.7874  -0.518609
26  -0.370044
26.0879  -0.436387
26.1573  -0.430229
26.1831  -0.453394
26.2166  -0.349466
26.4563  -0.330097
26.8799  -0.358862
26.9146  -0.348131
27.4665  -0.311394
27.7874  -0.3471
28  -0.256184
28.0879  -0.285164
28.1573  -0.283951
28.1831  -0.29949
28.2166  -0.23936
28.4563  -0.242718
28.8799  -0.239241
28.9146  -0.236551
29.4665  -0.212109
29.7874  -0.236845
30  -0.180278
30.0879  -0.19443
30.1573  -0.193603
30.1831  -0.212139
30.2166  -0.172339
30.4563  -0.165049
30.8799  -0.168355
30.9146  -0.169602
31.4665  -0.153441
31.7874  -0.171508
32  -0.128092
32.0879  -0.146903
32.1573  -0.146278
32.1831  -0.153905
32.2166  -0.129254
32.4563  -0.126214
32.8799  -0.128481
32.9146  -0.129433
33.4665  -0.117337
33.7874  -0.122506
34  -0.109115
34.0879  -0.103696
34.1573  -0.107557
34.1831  -0.108149
34.2166  -0.100531
34.4563  -0.106796
34.8799  -0.0974686
34.9146  -0.0937276
35.4665  -0.0902593
35.7874  -0.0898377
36  -0.0806506
36.0879  -0.0820926
36.1573  -0.0817436
36.1831  -0.0831916
36.2166  -0.071808
36.4563  -0.0728155
36.8799  -0.0708863
36.9146  -0.0758747
37.4665  -0.0631815
37.7874  -0.0735036
38  -0.061674
38.0879  -0.0648099
38.1573  -0.0645344
38.1831  -0.0623937
38.2166  -0.0574464
38.4563  -0.0582524
38.8799  -0.0575951
38.9146  -0.0535586
39.4665  -0.0496426
39.7874  -0.0326683
40  -0.0521857
40.0879  -0.0302446
40.1573  -0.0301161
40.1831  -0.0249575
40.2166  -0.0526592
40.4563  -0.0485437
40.8799  -0.0177216
40.9146  -0.0223161
41.4665  -0.0135389
41.7874  0.0163341
42  0.0094883
42.0879  0.0172826
42.1573  0.0172092
42.1831  0.0249575
42.2166  0.0095744
42.4563  0.0194175
42.8799  0.0354431
42.9146  0.0357058
43.4665  0.0361037
43.7874  0.0326683
44  0.0379532
44.0879  0.0345653
44.1573  0.0344183
44.1831  0.0332767
44.2166  0.0382976
44.4563  0.038835
44.8799  0.0354431
44.9146  0.0357058
45.4665  0.0361037
45.7874  0.0326683
46  0.0379532
46.0879  0.0345653
46.1573  0.0344183
46.1831  0.0332767
46.2166  0.0382976
46.4563  0.038835
46.8799  0.0354431
46.9146  0.0357058
47.4665  0.0361037
47.7874  0.0326683
48  0.0379532
48.0879  0.0345653
48.1573  0.0344183
48.1831  0.0291171
48.2166  0.0382976
48.4563  0.038835
48.8799  0.0310127
48.9146  0.0312425
49.4665  0.0361037
49.7874  0.0326683
50  0.0379532
50.0879  0.0345653
50.1573  0.0344183
50.1831  0.0332767
50.2166  0.0382976
50.4563  0.0339806
50.8799  0.0354431
50.9146  0.0357058
51.4665  0.0361037
51.7874  0.0326683
52  0.0284649
52.0879  0.0345653
52.1573  0.0344183
52.1831  0.0332767
52.2166  0.0287232
52.4563  0.0194175
52.8799  0.0265824
52.9146  0.0223161
53.4665  0.00902593
53.7874  0.0122506
54  -0.00474415
54.0879  -0
54.1573  -0
54.1831  0.00415958
54.2166  -0.0095744
54.4563  -0.0145631
54.8799  -0.0177216
54.9146  -0.0178529
55.4665  -0.0225648
55.7874  -0.0163341
56  -0.0474415
56.0879  -0.0302446
56.1573  -0.0301161
56.1831  -0.0291171
56.2166  -0.0526592
56.4563  -0.0533981
56.8799  -0.0398735
56.9146  -0.040169
57.4665  -0.0451296
57.7874  -0.0285847
58  -0.0379532
58.0879  -0.0345653
58.1573  -0.0344183
58.1831  -0.0291171
58.2166  -0.0382976
58.4563  -0.038835
58.8799  -0.0354431
58.9146  -0.0312425
59.4665  -0.0315907
59.7874  -0.0285847
60  -0.0237208
60.0879  -0.0302446
60.1573  -0.0301161
60.1831  -0.0291171
60.2166  -0.0191488
60.4563  -0.0194175
60.8799  -0.0265824
60.9146  -0.0267793
61.4665  -0.0225648
61.7874  -0.0245012
62  -0.0284649
62.0879  -0.0216033
62.1573  -0.0215115
62.1831  -0.0249575
62.2166  -0.023936
62.4563  -0.0242718
62.8799  -0.0265824
62.9146  -0.0223161
63.4665  -0.0225648
63.7874  -0.0245012
64  -0.0189766
64.0879  -0.0216033
64.1573  -0.0172092
64.1831  -0.0207979
64.2166  -0.0191488
64.4563  -0.0194175
64.8799  -0.0177216
64.9146  -0.0223161
65.4665  -0.0225648
65.7874  -0.0204177
66  -0.0142325
66.0879  -0.0172826
66.1573  -0.0215115
66.1831  -0.0207979
66.2166  -0.0143616
66.4563  -0.0145631
66.8799  -0.0177216
66.9146  -0.0178529
67.4665  -0.0180519
67.7874  -0.0204177
68  -0.0189766
68.0879  -0.0172826
68.1573  -0.0172092
68.1831  -0.0166383
68.2166  -0.0143616
68.4563  -0.0145631
68.8799  -0.0177216
68.9146  -0.0178529
69.4665  -0.0180519
69.7874  -0.0163341
*
79200  0.23
0.310773  -0.0133138
0.65725  0.00797164
0.913964  0.0129822
0.953486  0.0128906
1.01379  0.0045045
1.08172  0.00853405
1.12807  0.0085717
1.22455  0.01248
1.90361  0.0132547
2  0.0126796
2.31077  0.0177518
2.65725  0.00797164
2.91396  0.0129822
2.95349  0.0128906
3.01379  0.018018
3.08172  0.00853405
3.12807  0.0128576
3.22455  0.00831999
3.90361  0.00883648
4  0.0126796
4.31077  0.0133138
4.65725  0.0239149
4.91396  0.0173096
4.95349  0.0214843
5.01379  0.0225225
5.08172  0.0256021
5.12807  0.0257151
5.22455  0.0208
5.90361  0.0265095
6  0.0253592
6.31077  0.0177518
6.65725  0.0159433
6.91396  0.0173096
6.95349  0.0171874
7.01379  0.018018
7.08172  0.0170681
7.12807  0.0128576
7.22455  0.01248
7.90361  0.0132547
8  -0
8.31077  0.00887589
8.65725  -0.0677589
8.91396  -0.0259643
8.95349  -0.0386717
9.01379  -0.018018
9.08172  -0.0554713
9.12807  -0.0557161
9.22455  -0.0831999
9.90361  -0.0927831
10  -0.131023
10.3108  -0.119825
10.6572  -0.279007
10.914  -0.225024
10.9535  -0.236327
11.0138  -0.202703
11.0817  -0.260288
11.1281  -0.261437
11.2246  -0.30784
11.9036  -0.340205
12  -0.401521
12.3108  -0.394977
12.6572  -0.546057
12.914  -0.523614
12.9535  -0.537107
13.0138  -0.5
13.0817  -0.554713
13.1281  -0.561447
13.2246  -0.59072
13.9036  -0.649482
14  -0.672019
14.3108  -0.687882
14.6572  -0.745348
14.914  -0.765948
14.9535  -0.769137
15.0138  -0.765766
15.0817  -0.780865
15.1281  -0.784311
15.2246  -0.790399
15.9036  -0.839466
16  -0.824174
16.3108  -0.8654
16.6572  -0.813107
16.914  -0.869805
16.9535  -0.867964
17.0138  -0.900901
17.0817  -0.866206
17.1281  -0.870028
17.2246  -0.844479
17.9036  -0.90574
18  -0.879119
18.3108  -0.914217
18.6572  -0.84898
18.914  -0.913079
18.9535  -0.906636
19.0138  -0.945946
19.0817  -0.908876
19.1281  -0.908601
19.2246  -0.890239
19.9036  -0.95434
20  -0.925611
20.3108  -0.963034
20.6572  -0.904781
20.914  -0.973662
20.9535  -0.966792
21.0138  -1
21.0817  -0.964347
21.1281  -0.968602
21.2246  -0.952639
21.9036  -0.998523
22  -0.96365
22.3108  -0.998538
22.6572  -0.916739
22.914  -0.973662
22.9535  -0.971089
23.0138  -0.986486
23.0817  -0.964347
23.1281  -0.964317
23.2246  -0.944319
23.9036  -0.923413
24  -0.917158
24.3108  -0.909779
24.6572  -0.880866
24.914  -0.86115
24.9535  -0.85937
25.0138  -0.842342
25.0817  -0.853405
25.1281  -0.852884
25.2246  -0.852799
25.9036  -0.751101
26  -0.781909
26.3108  -0.714509
26.6572  -0.777235
26.914  -0.6794
26.9535  -0.6832
27.0138  -0.621622
27.0817  -0.678457
27.1281  -0.664307
27.2246  -0.690559
27.9036  -0.534607
28  -0.579035
28.3108  -0.505926
28.6572  -0.593887
28.914  -0.48034
28.9535  -0.485544
29.0138  -0.432432
29.0817  -0.47364
29.1281  -0.467158
29.2246  -0.49088
29.9036  -0.362296
30  -0.397294
30.3108  -0.341722
30.6572  -0.430469
30.914  -0.324554
30.9535  -0.330858
31.0138  -0.292793
31.0817  -0.328561
31.1281  -0.330011
31.2246  -0.3536
31.9036  -0.256258
32  -0.287404
32.3108  -0.244087
32.6572  -0.322851
32.914  -0.233679
32.9535  -0.240624
33.0138  -0.216216
33.0817  -0.247487
33.1281  -0.244294
33.2246  -0.25792
33.9036  -0.185566
34  -0.211327
34.3108  -0.17308
34.6572  -0.231178
34.914  -0.164441
34.9535  -0.167577
35.0138  -0.144144
35.0817  -0.166414
35.1281  -0.154291
35.2246  -0.17056
35.9036  -0.123711
36  -0.131023
36.3108  -0.115387
36.6572  -0.147475
36.914  -0.112512
36.9535  -0.111718
37.0138  -0.103604
37.0817  -0.106676
37.1281  -0.107146
37.2246  -0.12064
37.9036  -0.0927831
38  -0.101437
38.3108  -0.0976348
38.6572  -0.103631
38.914  -0.0952025
38.9535  -0.0902339
39.0138  -0.0855856
39.0817  -0.0896075
39.1281  -0.0942887
39.2246  -0.0915199
39.9036  -0.0751101
40  -0.0760776
40.3108  -0.0754451
40.6572  -0.0597873
40.914  -0.0519287
40.9535  -0.0515622
41.0138  -0.0540541
41.0817  -0.0469373
41.1281  -0.0514302
41.2246  -0.03744
41.9036  -0.0265095
42  -0.0211327
42.3108  -0.0133138
42.6572  0.00398582
42.914  0.00432739
42.9535  0.0085937
43.0138  -0
43.0817  0.00853405
43.1281  0.0128576
43.2246  0.01664
43.9036  0.0309277
44  0.0338123
44.3108  0.0355036
44.6572  0.0318866
44.914  0.0346191
44.9535  0.0343748
45.0138  0.036036
45.0817  0.0341362
45.1281  0.0342868
45.2246  0.03328
45.9036  0.0353459
46  0.0338123
46.3108  0.0355036
46.6572  0.0318866
46.914  0.0346191
46.9535  0.0343748
47.0138  0.036036
47.0817  0.0341362
47.1281  0.0342868
47.2246  0.03328
47.9036  0.0353459
48  0.0338123
48.3108  0.0355036
48.6572  0.0199291
48.914  0.0346191
48.9535  0.0343748
49.0138  0.036036
49.0817  0.0298692
49.1281  0.030001
49.2246  0.02496
49.9036  0.0265095
50  0.0211327
50.3108  0.0310656
50.6572  0.0199291
50.914  0.0259643
50.9535  0.0257811
51.0138  0.0315315
51.0817  0.0256021
51.1281  0.030001
51.2246  0.02912
51.9036  0.0353459
52  0.0338123
52.3108  0.0355036
52.6572  0.0318866
52.914  0.0346191
52.9535  0.0343748
53.0138  0.036036
53.0817  0.0341362
53.1281  0.0342868
53.2246  0.03328
53.9036  0.0353459
54  0.0338123
54.3108  0.0355036
54.6572  0.0239149
54.914  0.0259643
54.9535  0.0257811
55.0138  0.027027
55.0817  0.0256021
55.1281  0.0257151
55.2246  0.0208
55.9036  0.00883648
56  0.0126796
56.3108  -0
56.6572  0.0119575
56.914  -0
56.9535  -0
57.0138  -0.018018
57.0817  -0.00426702
57.1281  -0.00428585
57.2246  0.00831999
57.9036  -0.0220912
58  -0.0126796
58.3108  -0.0221897
58.6572  -0.00398582
58.914  -0.0216369
58.9535  -0.0214843
59.0138  -0.027027
59.0817  -0.0213351
59.1281  -0.0171434
59.2246  -0.0208
59.9036  -0.0309277
60  -0.0253592
60.3108  -0.0310656
60.6572  -0.0239149
60.914  -0.0346191
60.9535  -0.0343748
61.0138  -0.0315315
61.0817  -0.0341362
61.1281  -0.030001
61.2246  -0.03328
61.9036  -0.0309277
62  -0.0295857
62.3108  -0.0310656
62.6572  -0.0279007
62.914  -0.0302917
62.9535  -0.030078
63.0138  -0.0315315
63.0817  -0.0298692
63.1281  -0.030001
63.2246  -0.02912
63.9036  -0.0265095
64  -0.0253592
64.3108  -0.0221897
64.6572  -0.0239149
64.914  -0.0216369
64.9535  -0.0214843
65.0138  -0.0225225
65.0817  -0.0256021
65.1281  -0.0257151
65.2246  -0.0208
65.9036  -0.0220912
66  -0.0253592
66.3108  -0.0221897
66.6572  -0.0239149
66.914  -0.0216369
66.9535  -0.0214843
67.0138  -0.0225225
67.0817  -0.0256021
67.1281  -0.0257151
67.2246  -0.02496
67.9036  -0.0265095
68  -0.0295857
68.3108  -0.0221897
68.6572  -0.0239149
68.914  -0.0259643
68.9535  -0.0257811
69.0138  -0.0225225
69.0817  -0.0256021
69.1281  -0.0257151
69.2246  -0.02912
69.9036  -0.0220912
*
123000 0.15 
0.201807  -0
0.247644  0.00808977
0.506036  0.00804304
0.523528  0.00840471
0.708428  0.0128342
1.19256  0.0161458
1.20073  0.0162194
1.21222  0.00852768
1.37014  0.00884956
2  0.0166418
2.20181  0.0217341
2.24764  0.0121347
2.50604  0.00804304
2.52353  0.00840471
2.70843  0.0128342
3.19256  0.00807292
3.20073  0.00810972
3.21222  0.0127915
3.37014  0.00884956
4  0.0166418
4.20181  0.0217341
4.24764  0.0242693
4.50604  0.0241291
4.52353  0.0252141
4.70843  0.0213904
5.19256  0.0201823
5.20073  0.0162194
5.21222  0.025583
5.37014  0.0309735
6  0.0166418
6.20181  0.0130405
6.24764  0.00808977
6.50604  0.0120646
6.52353  0.0168094
6.70843  0.0171123
7.19256  0.00403646
7.20073  0.00810972
7.21222  0.00852768
7.37014  0.0176991
8  -0.0166418
8.20181  -0.00434683
8.24764  -0.0485386
8.50604  -0.0764089
8.52353  -0.0504283
8.70843  -0.0427808
9.19256  -0.133203
9.20073  -0.125701
9.21222  -0.0895406
9.37014  -0.079646
10  -0.18306
10.2018  -0.156486
10.2476  -0.246738
10.506  -0.285528
10.5235  -0.243737
10.7084  -0.248129
11.1926  -0.383464
11.2007  -0.385212
11.2122  -0.324052
11.3701  -0.309735
12  -0.461811
12.2018  -0.447723
12.2476  -0.52988
12.506  -0.567034
12.5235  -0.529497
12.7084  -0.547594
13.1926  -0.641797
13.2007  -0.640668
13.2122  -0.618257
13.3701  -0.610619
14  -0.711439
14.2018  -0.71288
14.2476  -0.740214
14.506  -0.760067
14.5235  -0.756424
14.7084  -0.774333
15.1926  -0.78711
15.2007  -0.790698
15.2122  -0.810129
15.3701  -0.827434
16  -0.832092
16.2018  -0.860672
16.2476  -0.817066
16.506  -0.816369
16.5235  -0.848876
16.7084  -0.859894
17.1926  -0.827474
17.2007  -0.835302
17.2122  -0.869823
17.3701  -0.902655
18  -0.865376
18.2018  -0.908487
18.2476  -0.849426
18.506  -0.860605
18.5235  -0.895102
18.7084  -0.906953
19.1926  -0.879948
19.2007  -0.879905
19.2122  -0.916725
19.3701  -0.951327
20  -0.923622
20.2018  -0.956302
20.2476  -0.914144
20.506  -0.912885
20.5235  -0.949732
20.7084  -0.966846
21.1926  -0.936459
21.2007  -0.932618
21.2122  -0.972155
21.3701  -1
22  -0.956906
22.2018  -0.98673
22.2476  -0.938413
22.506  -0.92495
22.5235  -0.958137
22.7084  -0.971124
23.1926  -0.924349
23.2007  -0.928563
23.2122  -0.959364
23.3701  -0.960177
24  -0.915301
24.2018  -0.912834
24.2476  -0.897964
24.506  -0.892778
24.5235  -0.895102
24.7084  -0.881285
25.1926  -0.859766
25.2007  -0.863686
25.2122  -0.848504
25.3701  -0.809735
26  -0.790487
26.2018  -0.743307
26.2476  -0.792797
26.506  -0.788218
26.5235  -0.748019
26.7084  -0.718718
27.1926  -0.730599
27.2007  -0.72582
27.2122  -0.665159
27.3701  -0.610619
28  -0.607427
28.2018  -0.543353
28.2476  -0.622912
28.506  -0.603228
28.5235  -0.550508
28.7084  -0.51337
29.1926  -0.548958
29.2007  -0.539297
29.2122  -0.473286
29.3701  -0.411504
30  -0.424367
30.2018  -0.36948
30.2476  -0.444937
30.506  -0.438346
30.5235  -0.382414
30.7084  -0.355081
31.1926  -0.391537
31.2007  -0.385212
31.2122  -0.332579
31.3701  -0.292035
32  -0.312034
32.2018  -0.269503
32.2476  -0.33168
32.506  -0.329765
32.5235  -0.28576
32.7084  -0.265241
33.1926  -0.294662
33.2007  -0.287895
33.2122  -0.247303
33.3701  -0.212389
34  -0.220504
34.2018  -0.182567
34.2476  -0.234603
34.506  -0.233248
34.5235  -0.201713
34.7084  -0.179679
35.1926  -0.205859
35.2007  -0.194633
35.2122  -0.162026
35.3701  -0.137168
36  -0.145616
36.2018  -0.121711
36.2476  -0.153706
36.506  -0.152818
36.5235  -0.126071
36.7084  -0.115508
37.1926  -0.13724
37.2007  -0.13381
37.2122  -0.11086
37.3701  -0.10177
38  -0.104011
38.2018  -0.0956302
38.2476  -0.109212
38.506  -0.10456
38.5235  -0.0924518
38.7084  -0.0941178
39.1926  -0.0888021
39.2007  -0.0932618
39.2122  -0.0895406
39.3701  -0.0840708
40  -0.0707278
40.2018  -0.0738961
40.2476  -0.0606733
40.506  -0.0603228
40.5235  -0.058833
40.7084  -0.051337
41.1926  -0.0363281
41.2007  -0.0364938
41.2122  -0.0469022
41.3701  -0.0353982
42  -0.0124814
42.2018  -0.00869365
42.2476  -0
42.506  -0
42.5235  -0
42.7084  0.00427808
43.1926  0.0242188
43.2007  0.0243292
43.2122  0.0213192
43.3701  0.0176991
44  0.0332837
44.2018  0.0347746
44.2476  0.0323591
44.506  0.0321722
44.5235  0.0336188
44.7084  0.0342246
45.1926  0.0322917
45.2007  0.0324389
45.2122  0.0341107
45.3701  0.0353982
46  0.0332837
46.2018  0.0347746
46.2476  0.0323591
46.506  0.0321722
46.5235  0.0336188
46.7084  0.0342246
47.1926  0.0322917
47.2007  0.0324389
47.2122  0.0341107
47.3701  0.0353982
48  0.0332837
48.2018  0.0347746
48.2476  0.0202244
48.506  0.0201076
48.5235  0.0294165
48.7084  0.0342246
49.1926  0.0201823
49.2007  0.0243292
49.2122  0.025583
49.3701  0.0309735
50  0.0249628
50.2018  0.026081
50.2476  0.0202244
50.506  0.0201076
50.5235  0.0252141
50.7084  0.0256685
51.1926  0.0242188
51.2007  0.0243292
51.2122  0.0298469
51.3701  0.0309735
52  0.0291232
52.2018  0.0347746
52.2476  0.0323591
52.506  0.0321722
52.5235  0.0336188
52.7084  0.0342246
53.1926  0.0282552
53.2007  0.028384
53.2122  0.0341107
53.3701  0.0353982
54  0.0332837
54.2018  0.0347746
54.2476  0.0283142
54.506  0.0241291
54.5235  0.0252141
54.7084  0.0299466
55.1926  0.0282552
55.2007  0.0243292
55.2122  0.025583
55.3701  0.0176991
56  0.0124814
56.2018  0.00434683
56.2476  0.0121347
56.506  0.0160861
56.5235  0.00840471
56.7084  0.00427808
57.1926  0.00807292
57.2007  0.00810972
57.2122  -0.00426384
57.3701  -0.0132743
58  -0.00416046
58.2018  -0.0130405
58.2476  0.00404488
58.506  -0.00402152
58.5235  -0.0168094
58.7084  -0.0171123
59.1926  -0.0121094
59.2007  -0.0121646
59.2122  -0.0213192
59.3701  -0.0309735
60  -0.0249628
60.2018  -0.0304278
60.2476  -0.0242693
60.506  -0.0241291
60.5235  -0.0252141
60.7084  -0.0299466
61.1926  -0.0282552
61.2007  -0.028384
61.2122  -0.0298469
61.3701  -0.0309735
62  -0.0291232
62.2018  -0.0347746
62.2476  -0.0283142
62.506  -0.0281506
62.5235  -0.0294165
62.7084  -0.0299466
63.1926  -0.0282552
63.2007  -0.028384
63.2122  -0.0298469
63.3701  -0.0265487
64  -0.0249628
64.2018  -0.0217341
64.2476  -0.0202244
64.506  -0.0241291
64.5235  -0.0252141
64.7084  -0.0213904
65.1926  -0.0201823
65.2007  -0.0202743
65.2122  -0.0213192
65.3701  -0.0265487
66  -0.0249628
66.2018  -0.0217341
66.2476  -0.0242693
66.506  -0.0241291
66.5235  -0.0252141
66.7084  -0.0256685
67.1926  -0.0282552
67.2007  -0.028384
67.2122  -0.025583
67.3701  -0.0265487
68  -0.0291232
68.2018  -0.0304278
68.2476  -0.0283142
68.506  -0.0281506
68.5235  -0.0294165
68.7084  -0.0256685
69.1926  -0.0282552
69.2007  -0.028384
69.2122  -0.025583
69.3701  -0.0221239
*
250000 0.076
0.340196  0.0162059
0.40637  0.0157657
0.422804  -0
1.22888  0.0172002
1.54777  0.016933
1.6441  0.0166414
1.66956  0.0253962
1.89309  0.0258621
1.91904  0.021232
2  0.00823001
2.3402  0.00810294
2.40637  0.00788284
2.4228  0.0171577
3.22888  0.00860009
3.54777  0.00846652
3.6441  0.0166414
3.66956  0.00846541
3.89309  0.012931
3.91904  0.0169856
4  0.02469
4.3402  0.0202574
4.40637  0.0236485
4.4228  0.0171577
5.22888  0.0215002
5.54777  0.0253996
5.6441  0.0166414
5.66956  0.0169308
5.89309  0.0172414
5.91904  0.0169856
6  0.01646
6.3402  0.0121544
6.40637  0.0118243
6.4228  0.0171577
7.22888  0.0129001
7.54777  0.00846652
7.6441  -0.00832068
7.66956  -0
7.89309  -0
7.91904  -0.0042464
8  -0.028805
8.3402  -0.0607721
8.40637  -0.0867112
8.4228  -0.0214471
9.22888  -0.0817009
9.54777  -0.122765
9.6441  -0.149772
9.66956  -0.139679
9.89309  -0.146552
9.91904  -0.157117
10  -0.19752
10.3402  -0.263346
10.4064  -0.303489
10.4228  -0.193024
11.2289  -0.305303
11.5478  -0.380994
11.6441  -0.407713
11.6696  -0.393641
11.8931  -0.418103
11.919  -0.428886
12  -0.473226
12.3402  -0.546948
12.4064  -0.575447
12.4228  -0.484704
13.2289  -0.602006
13.5478  -0.656156
13.6441  -0.682296
13.6696  -0.664534
13.8931  -0.689655
13.919  -0.687917
14  -0.707781
14.3402  -0.749522
14.4064  -0.744928
14.4228  -0.733491
15.2289  -0.808409
15.5478  -0.81702
15.6441  -0.819587
15.6696  -0.82961
15.8931  -0.844828
15.919  -0.840787
16  -0.823001
16.3402  -0.818397
16.4064  -0.800108
16.4228  -0.853594
17.2289  -0.868609
17.5478  -0.867819
17.6441  -0.85703
17.6696  -0.867704
17.8931  -0.883621
17.919  -0.874758
18  -0.860036
18.3402  -0.850809
18.4064  -0.839522
18.4228  -0.896488
19.2289  -0.91591
19.5478  -0.914385
19.6441  -0.902794
19.6696  -0.914264
19.8931  -0.935345
19.919  -0.921469
20  -0.913531
20.3402  -0.915632
20.4064  -0.898643
20.4228  -0.943672
21.2289  -0.98041
21.5478  -0.97365
21.6441  -0.956878
21.6696  -0.973522
21.8931  -1
21.919  -0.980918
22  -0.946451
22.3402  -0.939941
22.4064  -0.914409
22.4228  -0.995145
23.2289  -0.997611
23.5478  -0.97365
23.6441  -0.965199
23.6696  -0.981987
23.8931  -1
23.919  -0.985165
24  -0.954681
24.3402  -0.93589
24.4064  -0.914409
24.4228  -0.990856
25.2289  -0.97611
25.5478  -0.96095
25.6441  -0.956878
25.6696  -0.956591
25.8931  -0.956897
25.919  -0.951194
26  -0.942336
26.3402  -0.923735
26.4064  -0.910468
26.4228  -0.939383
27.2289  -0.898709
27.5478  -0.888985
27.6441  -0.877832
27.6696  -0.87617
27.8931  -0.857759
27.919  -0.84928
28  -0.855921
28.3402  -0.842706
28.4064  -0.839522
28.4228  -0.814989
29.2289  -0.735308
29.5478  -0.719655
29.6441  -0.719739
29.6696  -0.706861
29.8931  -0.668103
29.919  -0.675178
30  -0.699551
30.3402  -0.692801
30.4064  -0.697631
30.4228  -0.626255
31.2289  -0.554706
31.5478  -0.541858
31.6441  -0.561646
31.6696  -0.537553
31.8931  -0.5
31.919  -0.509568
32  -0.543181
32.3402  -0.538846
32.4064  -0.559681
32.4228  -0.467547
33.2289  -0.417104
33.5478  -0.41486
33.6441  -0.424355
33.6696  -0.402107
33.8931  -0.37931
33.919  -0.382176
34  -0.411501
34.3402  -0.41325
34.4064  -0.429615
34.4228  -0.351732
35.2289  -0.301003
35.5478  -0.304795
35.6441  -0.312026
35.6696  -0.292057
35.8931  -0.267241
35.919  -0.27177
36  -0.300395
36.3402  -0.30386
36.4064  -0.319255
36.4228  -0.248786
37.2289  -0.215002
37.5478  -0.20743
37.6441  -0.220498
37.6696  -0.20317
37.8931  -0.181034
37.919  -0.191088
38  -0.20575
38.3402  -0.214728
38.4064  -0.224661
38.4228  -0.162998
39.2289  -0.137601
39.5478  -0.131231
39.6441  -0.141452
39.6696  -0.131214
39.8931  -0.12069
39.919  -0.118899
40  -0.127565
40.3402  -0.117493
40.4064  -0.122184
40.4228  -0.102946
41.2289  -0.0688007
41.5478  -0.0634989
41.6441  -0.0624051
41.6696  -0.0507924
41.8931  -0.0474138
41.919  -0.042464
42  -0.0452651
42.3402  -0.0324118
42.4064  -0.0433556
42.4228  -0.0343153
43.2289  -0.00430005
43.5478  0.00423326
43.6441  0.00832068
43.6696  0.0126981
43.8931  0.0172414
43.919  0.0169856
44  0.012345
44.3402  0.0162059
44.4064  0.00788284
44.4228  0.0257365
45.2289  0.0344004
45.5478  0.0338661
45.6441  0.0332827
45.6696  0.0338616
45.8931  0.0344828
45.919  0.0339712
46  0.03292
46.3402  0.0243088
46.4064  0.0197071
46.4228  0.0343153
47.2289  0.0344004
47.5478  0.0338661
47.6441  0.0166414
47.6696  0.0253962
47.8931  0.0258621
47.919  0.0254784
48  0.012345
48.3402  0.00810294
48.4064  0.00394142
48.4228  0.0257365
49.2289  0.0172002
49.5478  0.00846652
49.6441  0.00832068
49.6696  0.0169308
49.8931  0.0172414
49.919  0.0127392
50  0.012345
50.3402  0.00810294
50.4064  0.0118243
50.4228  0.0128683
51.2289  0.0258003
51.5478  0.0253996
51.6441  0.0291224
51.6696  0.0253962
51.8931  0.0258621
51.919  0.0254784
52  0.028805
52.3402  0.0283603
52.4064  0.0236485
52.4228  0.0343153
53.2289  0.0301003
53.5478  0.0296328
53.6441  0.0291224
53.6696  0.0296289
53.8931  0.0301724
53.919  0.0297248
54  0.028805
54.3402  0.0202574
54.4064  0.0197071
54.4228  0.0257365
55.2289  0.0258003
55.5478  0.0253996
55.6441  0.0208017
55.6696  0.0211635
55.8931  0.0215517
55.919  0.0169856
56  0.01646
56.3402  0.0202574
56.4064  0.0197071
56.4228  0.0214471
57.2289  0.0215002
57.5478  0.016933
57.6441  0.0208017
57.6696  0.0211635
57.8931  0.0215517
57.919  0.0169856
58  0.01646
58.3402  0.0162059
58.4064  0.0197071
58.4228  0.0171577
59.2289  0.00860009
59.5478  0.00423326
59.6441  0.00832068
59.6696  0.0042327
59.8931  -0
59.919  -0
60  -0
60.3402  -0
60.4064  -0
60.4228  -0.00428942
61.2289  -0.0215002
61.5478  -0.0211663
61.6441  -0.0166414
61.6696  -0.0211635
61.8931  -0.0301724
61.919  -0.0254784
62  -0.01646
62.3402  -0.0162059
62.4064  -0.0118243
62.4228  -0.0300259
63.2289  -0.0301003
63.5478  -0.0253996
63.6441  -0.024962
63.6696  -0.0296289
63.8931  -0.0301724
63.919  -0.0254784
64  -0.020575
64.3402  -0.0202574
64.4064  -0.0236485
64.4228  -0.0300259
65.2289  -0.0258003
65.5478  -0.0253996
65.6441  -0.024962
65.6696  -0.0211635
65.8931  -0.0215517
65.919  -0.0254784
66  -0.02469
66.3402  -0.0243088
66.4064  -0.0275899
66.4228  -0.0257365
67.2289  -0.0258003
67.5478  -0.0253996
67.6441  -0.024962
67.6696  -0.0253962
67.8931  -0.0258621
67.919  -0.0297248
68  -0.028805
68.3402  -0.0283603
68.4064  -0.0275899
68.4228  -0.0300259
69.2289  -0.0301003
69.5478  -0.0296328
69.6441  -0.024962
69.6696  -0.0296289
69.8931  -0.0301724
69.919  -0.0297248

